code	name	roe	gross_profit_rate	
600306	商业城	71.97	17.303	
000717	韶钢松山	26.83	6.2247	
600133	东湖高新	26.81	11.6396	
002893	华通热力	25.83	32.2225	
600354	敦煌种业	23.4	25.0654	
600225	天津松江	22.84	24.9719	
600230	沧州大化	21.94	55.6318	
600338	西藏珠峰	20.28	70.414	
000036	华联控股	18.32	71.4131	
300288	朗玛信息	18.3	26.9264	
600291	西水股份	17.53	26.3018	
000505	京粮控股	17.44	26.3391	
000526	紫光学大	16.87	28.5887	
600633	浙数文化	16.31	43.5107	
600167	联美控股	15.4	60.232	
600303	曙光股份	13.75	16.5198	
600393	粤泰股份	13.13	44.0938	
002027	分众传媒	12.2	67.5988	
603165	荣晟环保	12.03	28.6107	
000822	山东海化	11.38	32.6209	
600309	万华化学	11.26	39.2307	
000011	深物业A	11.11	74.7318	
600581	八一钢铁	11.02	17.3052	
603387	基蛋生物	10.73	82.0964	
002714	牧原股份	10.72	40.4656	
600210	紫江企业	10.44	18.5337	
603757	大元泵业	9.86	31.0202	
600507	方大特钢	9.7	21.9723	
603617	君禾股份	9.7	27.5754	
600746	江苏索普	9.65	26.686	
002869	金溢科技	9.62	44.3706	
603933	睿能科技	9.6	20.84	
300136	信维通信	9.58	29.6922	
002304	洋河股份	9.52	61.2324	
300660	江苏雷利	9.52	24.7461	
603260	合盛硅业	9.3	36.2185	
600398	海澜之家	9.13	39.0612	
000820	神雾节能	9.08	65.2993	
000848	承德露露	9.06	47.6052	
603868	飞科电器	9.06	39.0814	
300658	延江股份	9.0	32.0871	
603730	岱美股份	8.97	37.8894	
600809	山西汾酒	8.94	71.4823	
002868	绿康生化	8.9	43.2471	
603288	海天味业	8.88	44.6862	
600689	上海三毛	8.78	8.0362	
300450	先导智能	8.76	44.937	
603113	金能科技	8.74	20.6095	
002555	三七互娱	8.73	66.885	
000517	荣安地产	8.66	22.1021	
002366	台海核电	8.31	58.5842	
300640	德艺文创	8.22	23.2496	
603233	大参林	8.15	38.7473	
002636	金安国纪	8.08	31.6335	
300571	平治信息	8.03	22.0899	
603357	设计总院	8.02	42.0908	
601238	广汽集团	7.99	23.823	
002648	卫星石化	7.95	28.3451	
000567	海德股份	7.86	100.0	
300681	英搏尔	7.84	33.5815	
603444	吉比特	7.82	92.4223	
600519	贵州茅台	7.74	91.1561	
002466	天齐锂业	7.73	68.7858	
600282	南钢股份	7.71	12.7107	
603369	今世缘	7.7	74.0081	
300504	天邑股份	7.64	26.7382	
002870	香山股份	7.57	34.0705	
600211	西藏药业	7.56	76.6099	
600816	安信信托	7.55	83.29899999999999	
002597	金禾实业	7.53	30.9835	
002032	苏泊尔	7.46	31.1429	
600566	济川药业	7.45	85.6011	
603659	璞泰来	7.39	36.5371	
600121	郑州煤电	7.38	38.5416	
002002	鸿达兴业	7.37	36.6471	
300668	杰恩设计	7.35	50.7405	
600719	大连热电	7.3	25.1271	
600729	重庆百货	7.26	16.551	
300693	盛弘股份	7.25	48.6985	
000997	新大陆	7.22	36.6646	
600688	上海石化	7.22	28.6241	
002867	周大生	7.18	33.9336	
603589	口子窖	7.15	72.7952	
300175	朗源股份	7.14	7.0944	
601225	陕西煤业	7.13	55.7249	
600726	华电能源	7.13	19.8577	
603197	保隆科技	7.13	32.9151	
300393	中来股份	7.11	23.403000000000002	
603129	春风动力	7.09	35.4789	
000858	五粮液	7.09	70.5344	
002833	弘亚数控	7.05	38.302	
002174	游族网络	7.04	44.5188	
603186	华正新材	6.99	23.3814	
600887	伊利股份	6.98	37.6399	
002489	浙江永强	6.98	30.5717	
000963	华东医药	6.95	28.1549	
002120	韵达股份	6.95	28.6693	
000651	格力电器	6.93	34.37	
300208	恒顺众N	6.92	42.0264	
603198	迎驾贡酒	6.84	65.2773	
603225	新凤鸣	6.83	9.8301	
600409	三友化工	6.83	28.261	
601801	皖新传媒	6.81	24.2767	
000596	古井贡酒	6.81	77.6536	
002128	露天煤业	6.81	52.7635	
603788	宁波高发	6.77	32.8608	
000568	泸州老窖	6.75	70.2541	
000423	东阿阿胶	6.74	70.7954	
000333	美的集团	6.64	25.057	
600758	红阳能源	6.63	28.0332	
603985	恒润股份	6.62	37.4985	
600201	生物股份	6.62	79.6357	
300618	寒锐钴业	6.62	38.7274	
002215	诺普信	6.57	36.857	
002294	信立泰	6.56	79.431	
300641	正丹股份	6.54	22.6805	
603938	三孚股份	6.5	30.8754	
603595	东尼电子	6.49	40.1934	
603595	东尼电子	6.49	40.1934	
603919	金徽酒	6.47	63.2875	
002860	星帅尔	6.44	40.8305	
603096	新经典	6.43	44.4741	
603899	晨光文具	6.39	26.8217	
603680	今创集团	6.38	39.5128	
300072	三聚环保	6.38	15.6173	
600628	新世界	6.35	28.9186	
000915	山大华特	6.31	69.7126	
600415	小商品城	6.29	27.2485	
603496	恒为科技	6.27	56.5204	
000418	小天鹅A	6.23	25.6869	
300497	富祥股份	6.22	40.6728	
002326	永太科技	6.19	28.107	
300146	汤臣倍健	6.18	64.9402	
300695	兆丰股份	6.16	52.3794	
600276	恒瑞医药	6.14	86.79899999999999	
600690	青岛海尔	6.13	30.1012	
600298	安琪酵母	6.12	35.1647	
600436	片仔癀	6.08	44.7758	
603160	汇顶科技	6.02	47.3593	
002136	安纳达	5.96	21.6552	
603929	亚翔集成	5.93	13.0153	
000869	张裕A	5.91	66.4396	
600779	水井坊	5.9	77.3803	
000540	中天金融	5.88	39.9914	
002748	世龙实业	5.86	33.863	
000835	长城动漫	5.83	55.7586	
000895	双汇发展	5.82	16.8895	
603338	浙江鼎力	5.82	43.3853	
300415	伊之密	5.82	36.4009	
002763	汇洁股份	5.81	69.0738	
600612	老凤祥	5.8	7.2555	
002517	恺英网络	5.78	66.2552	
603883	老百姓	5.77	36.4504	
300446	乐凯新材	5.77	60.8095	
603277	银都股份	5.77	43.25899999999999	
603798	康普顿	5.76	35.1305	
600452	涪陵电力	5.75	17.0277	
002415	海康威视	5.73	42.7769	
002508	老板电器	5.71	58.9935	
002007	华兰生物	5.7	65.5578	
300652	雷迪克	5.69	32.9516	
600883	博闻科技	5.69	6.7443	
603568	伟明环保	5.68	67.7408	
000672	上峰水泥	5.66	28.7915	
600273	嘉化能源	5.66	28.6602	
603259	药明康德	5.66	43.6579	
600856	中天能源	5.65	21.8396	
600340	华夏幸福	5.64	62.3919	
000049	德赛电池	5.63	9.8254	
600115	东方航空	5.62	12.4389	
600995	文山电力	5.61	28.7799	
601318	中国平安	5.6	12.2943	
002468	申通快递	5.59	21.7807	
300628	亿联网络	5.56	64.296	
603896	寿仙谷	5.54	86.0054	
300357	我武生物	5.5	97.1591	
600180	瑞茂通	5.49	10.8084	
600197	伊力特	5.47	49.14	
601515	东风股份	5.47	43.4314	
600177	雅戈尔	5.47	46.7656	
603799	华友钴业	5.47	31.0485	
603908	牧高笛	5.46	34.7314	
002866	传艺科技	5.45	32.9146	
300707	威唐工业	5.44	44.0747	
002841	视源股份	5.41	21.7854	
002845	同兴达	5.41	11.7595	
601888	中国国旅	5.4	30.1395	
300687	赛意信息	5.39	28.0749	
600073	上海梅林	5.38	15.3514	
300484	蓝海华腾	5.36	45.6707	
002019	亿帆医药	5.35	55.9518	
002656	摩登大道	5.33	42.1575	
600183	生益科技	5.32	24.9733	
000018	神州长城	5.3	25.2075	
002110	三钢闽光	5.28	13.3747	
300015	爱尔眼科	5.26	44.0565	
603306	华懋科技	5.26	44.7865	
600477	杭萧钢构	5.23	33.7032	
002078	太阳纸业	5.23	23.4746	
603885	吉祥航空	5.22	21.3296	
600550	保变电气	5.22	20.3817	
000625	长安汽车	5.22	15.1513	
002065	东华软件	5.22	32.2785	
603926	铁流股份	5.21	30.6073	
002460	赣锋锂业	5.21	34.0426	
002873	新天药业	5.21	81.4327	
603331	百达精工	5.19	27.9093	
603816	顾家家居	5.18	37.8817	
603900	莱绅通灵	5.16	55.9408	
603986	兆易创新	5.16	29.7585	
603920	世运电路	5.13	25.7784	
603686	龙马环卫	5.1	28.2732	
601952	苏垦农发	5.09	23.6354	
000559	万向钱潮	5.09	21.2185	
300113	顺网科技	5.07	80.5338	
600867	通化东宝	5.07	75.7978	
603826	坤彩科技	5.05	47.3964	
603228	景旺电子	5.01	32.5626	
000921	海信科龙	5.0	19.1023	
600815	厦工股份	4.99	10.5739	
600763	通策医疗	4.97	44.0273	
300519	新光药业	4.97	62.6368	
601127	小康股份	4.97	20.8923	
300121	阳谷华泰	4.95	27.4707	
002773	康弘药业	4.94	90.0724	
603517	绝味食品	4.93	34.6666	
603188	亚邦股份	4.91	49.3821	
600567	山鹰纸业	4.91	25.3258	
603980	吉华集团	4.9	28.7156	
000933	神火股份	4.89	25.1761	
603179	新泉股份	4.87	21.604	
601689	拓普集团	4.87	30.1232	
002074	国轩高科	4.87	38.1498	
300577	开润股份	4.87	28.7375	
300160	秀强股份	4.85	35.5781	
300418	昆仑万维	4.83	76.6148	
300115	长盈精密	4.83	26.7792	
600828	茂业商业	4.82	25.8755	
002108	沧州明珠	4.81	32.1167	
300529	健帆生物	4.79	82.7192	
002887	绿茵生态	4.78	36.9023	
000581	威孚高科	4.77	19.8856	
002172	澳洋科技	4.76	12.3255	
603167	渤海轮渡	4.76	34.9141	
600345	长江通信	4.76	6.7407	
600715	文投控股	4.76	44.973	
300043	星辉娱乐	4.75	32.1481	
603037	凯众股份	4.74	48.4911	
600036	招商银行	4.74	44.3697	
002815	崇达技术	4.73	32.6041	
600971	恒源煤电	4.72	35.4563	
600179	安通控股	4.71	23.756	
000688	建新矿业	4.71	60.3144	
603229	奥翔药业	4.71	57.7815	
000932	华菱钢铁	4.69	7.9483	
603658	安图生物	4.68	70.3365	
002143	印纪传媒	4.68	56.8008	
002493	荣盛石化	4.67	6.8438	
600346	恒力股份	4.66	16.1441	
603355	莱克电气	4.66	30.7877	
002222	福晶科技	4.65	61.1859	
603533	掌阅科技	4.65	31.0409	
600885	宏发股份	4.64	42.3508	
600829	人民同泰	4.63	10.639000000000001	
000887	中鼎股份	4.63	30.5584	
300498	温氏股份	4.6	17.81	
603579	荣泰健康	4.59	39.6248	
600694	大商股份	4.59	22.7553	
603997	继峰股份	4.58	35.001	
002081	金螳螂	4.58	15.7424	
600668	尖峰集团	4.57	28.9962	
002142	宁波银行	4.57	44.4578	
600966	博汇纸业	4.56	24.5024	
600056	中国医药	4.56	13.3714	
002615	哈尔斯	4.56	34.1222	
601388	怡球资源	4.53	10.8084	
002601	龙蟒佰利	4.53	39.7749	
600606	绿地控股	4.52	14.8415	
600487	亨通光电	4.5	21.7925	
000930	中粮生化	4.49	15.5477	
000501	鄂武商A	4.48	20.9694	
002832	比音勒芬	4.45	62.8619	
002203	海亮股份	4.45	7.1746	
601101	昊华能源	4.43	38.5965	
002470	金正大	4.41	19.2141	
000538	云南白药	4.4	30.5344	
603429	集友股份	4.4	55.8247	
601997	贵阳银行	4.39	38.4583	
002424	贵州百灵	4.39	62.5782	
000063	中兴通讯	4.39	32.1995	
603320	迪贝电气	4.38	17.746	
002847	盐津铺子	4.37	49.0948	
600808	马钢股份	4.36	11.4412	
600161	天坛生物	4.35	54.0552	
300408	三环集团	4.34	47.0263	
603639	海利尔	4.33	34.3987	
603501	韦尔股份	4.32	19.2281	
300656	民德电子	4.32	49.7541	
002739	万达电影	4.31	33.2145	
600684	珠江实业	4.3	35.0218	
002558	巨人网络	4.29	81.7669	
300363	博腾股份	4.29	39.5314	
601166	兴业银行	4.29	57.3583	
000723	美锦能源	4.28	26.0409	
002624	完美世界	4.28	56.2693	
603081	大丰实业	4.27	31.4604	
002179	中航光电	4.27	35.2054	
603726	朗迪集团	4.27	27.0742	
601939	建设银行	4.27	51.0867	
600993	马应龙	4.27	52.1612	
002035	华帝股份	4.25	40.7969	
600086	东方金钰	4.24	15.8598	
300549	优德精密	4.23	34.0721	
002595	豪迈科技	4.23	37.6734	
002145	中核钛白	4.23	30.1921	
002652	扬子新材	4.21	21.6951	
300299	富春股份	4.21	66.6043	
300642	透景生命	4.2	82.1841	
600572	康恩贝	4.2	68.7835	
002749	国光股份	4.18	55.2209	
601003	柳钢股份	4.18	4.3927	
002885	京泉华	4.18	22.2871	
002726	龙大肉食	4.18	9.7834	
300219	鸿利智汇	4.18	20.1541	
600499	科达洁能	4.17	22.9514	
601012	隆基股份	4.17	31.3284	
000999	华润三九	4.16	61.6942	
603337	杰克股份	4.16	30.1912	
000813	德展健康	4.15	84.6334	
600067	冠城大通	4.14	43.8661	
002357	富临运业	4.14	27.5135	
002464	众应互联	4.14	83.5993	
600373	中文传媒	4.13	41.9271	
000902	新洋丰	4.13	17.5194	
002543	万和电气	4.13	29.3393	
000920	南方汇通	4.12	44.6555	
600745	闻泰科技	4.12	6.5581	
300575	中旗股份	4.12	23.1628	
002496	辉丰股份	4.12	7.6331	
600818	中路股份	4.12	10.1396	
603989	艾华集团	4.11	35.1192	
600176	中国巨石	4.11	47.0924	
603335	迪生力	4.1	32.8284	
002092	中泰化学	4.1	26.6439	
002182	云海金属	4.1	13.1462	
600368	五洲交通	4.1	68.2725	
002293	罗莱生活	4.09	44.5671	
000030	富奥股份	4.09	17.8837	
603025	大豪科技	4.09	52.2669	
002753	永东股份	4.08	25.2933	
300643	万通智控	4.08	34.3287	
601288	农业银行	4.08	45.6829	
002434	万里扬	4.08	26.338	
002589	瑞康医药	4.07	16.6664	
600395	盘江股份	4.06	36.6283	
002354	天神娱乐	4.06	61.9186	
000513	丽珠集团	4.05	65.6218	
300267	尔康制药	4.05	37.6939	
603027	千禾味业	4.04	40.9898	
603203	快克股份	4.04	58.6222	
000059	华锦股份	4.03	23.828000000000003	
000637	茂化实华	4.03	6.8246	
600271	航天信息	4.03	15.2898	
002768	国恩股份	4.03	22.0835	
300003	乐普医疗	4.02	63.5251	
601366	利群股份	4.02	20.4668	
300394	天孚通信	4.02	61.1621	
000828	东莞控股	4.02	65.4295	
300482	万孚生物	4.0	64.925	
002818	富森美	4.0	71.1994	
600750	江中药业	4.0	68.6038	
601158	重庆水务	3.99	41.5789	
600598	北大荒	3.99	95.1389	
300342	天银机电	3.99	41.2993	
000703	恒逸石化	3.98	4.8741	
300447	全信股份	3.97	54.156000000000006	
600016	民生银行	3.97	48.4777	
601021	春秋航空	3.97	12.4771	
600213	亚星客车	3.96	18.5438	
300033	同花顺	3.96	85.1529	
601633	长城汽车	3.96	21.7373	
300039	上海凯宝	3.95	81.4582	
600872	中炬高新	3.95	39.6286	
002267	陕天然气	3.95	12.9545	
002646	青青稞酒	3.95	66.0866	
000590	启迪古汉	3.94	54.203	
000998	隆平高科	3.93	45.6937	
002083	孚日股份	3.92	27.0492	
002100	天康生物	3.92	22.8574	
002262	恩华药业	3.91	51.4275	
002871	伟隆股份	3.91	42.2086	
002507	涪陵榨菜	3.9	44.2112	
603638	艾迪精密	3.9	43.5203	
600075	新疆天业	3.9	34.8544	
000666	经纬纺机	3.9	46.167	
603313	梦百合	3.89	32.6629	
600850	华东电脑	3.88	18.1083	
601636	旗滨集团	3.88	33.7971	
300156	神雾环保	3.87	30.5178	
600803	新奥股份	3.87	27.9903	
600511	国药股份	3.86	7.4587	
300554	三超新材	3.86	47.7569	
600741	华域汽车	3.86	14.6716	
600535	天士力	3.84	32.7459	
000090	天健集团	3.84	39.9202	
002287	奇正藏药	3.84	86.0978	
300595	欧普康视	3.84	76.7324	
601009	南京银行	3.83	49.2395	
300617	安靠智电	3.83	53.8964	
600104	上汽集团	3.83	13.1826	
002419	天虹股份	3.83	25.2782	
603777	来伊份	3.83	45.8724	
601918	新集能源	3.82	42.3946	
600188	兖州煤业	3.82	12.6405	
300662	科锐国际	3.81	21.1185	
603708	家家悦	3.8	21.1782	
603600	永艺股份	3.8	20.4066	
002067	景兴纸业	3.8	24.9445	
600377	宁沪高速	3.8	54.4835	
002242	九阳股份	3.8	30.6049	
600000	浦发银行	3.8	43.4301	
600703	三安光电	3.79	45.8094	
600297	广汇汽车	3.79	10.503	
002382	蓝帆医疗	3.79	31.0842	
600674	川投能源	3.78	49.0197	
600563	法拉电子	3.78	41.83	
002709	天赐材料	3.78	36.372	
300585	奥联电子	3.78	41.7152	
600681	百川能源	3.77	29.1308	
300558	贝达药业	3.77	95.8873	
300258	精锻科技	3.77	42.5518	
600132	重庆啤酒	3.76	36.1675	
601088	中国神华	3.75	41.8591	
601216	君正集团	3.75	40.3669	
002727	一心堂	3.75	39.7809	
603199	九华旅游	3.74	55.2716	
600695	绿庭投资	3.74	93.7706	
300596	利安隆	3.73	27.4734	
002075	沙钢股份	3.73	12.1565	
601933	永辉超市	3.73	20.9314	
300657	弘信电子	3.72	14.9913	
601398	工商银行	3.72	51.9209	
002107	沃华医药	3.7	78.5997	
002191	劲嘉股份	3.7	43.7255	
601169	北京银行	3.7	50.0	
600426	华鲁恒升	3.7	20.3806	
600660	福耀玻璃	3.69	44.1545	
300296	利亚德	3.68	40.1716	
603180	金牌厨柜	3.68	34.6759	
300144	宋城演艺	3.67	61.4615	
300327	中颖电子	3.67	43.4333	
603803	瑞斯康达	3.67	56.571000000000005	
000811	冰轮环境	3.67	28.9948	
603360	百傲化学	3.67	48.7024	
600076	康欣新材	3.66	42.3847	
300384	三联虹普	3.66	40.9952	
002831	裕同科技	3.65	31.2108	
002532	新界泵业	3.65	30.415	
002085	万丰奥威	3.65	21.9208	
603766	隆鑫通用	3.65	20.9317	
300637	扬帆新材	3.64	32.8718	
002223	鱼跃医疗	3.64	41.5332	
300514	友讯达	3.64	44.4481	
600873	梅花生物	3.63	28.8528	
603258	电魂网络	3.63	93.1706	
600085	同仁堂	3.63	46.0214	
002640	跨境通	3.63	49.3062	
601231	环旭电子	3.63	11.4352	
002352	顺丰控股	3.62	20.1037	
300511	雪榕生物	3.62	32.9828	
600004	白云机场	3.62	38.6756	
600486	扬农化工	3.62	24.8273	
001979	招商蛇口	3.62	23.1474	
600785	新华百货	3.61	19.8954	
002116	中国海诚	3.61	9.2755	
600597	光明乳业	3.6	35.1657	
000965	天保基建	3.6	57.6446	
000952	广济药业	3.6	48.3582	
002737	葵花药业	3.59	59.7333	
002534	杭锅股份	3.59	21.9471	
603316	诚邦股份	3.59	24.5572	
300543	朗科智能	3.59	19.887	
601668	中国建筑	3.58	8.9367	
600739	辽宁成大	3.58	12.3985	
000338	潍柴动力	3.58	20.6311	
603968	醋化股份	3.57	22.2282	
002562	兄弟科技	3.57	46.8581	
300406	九强生物	3.57	74.2454	
000661	长春高新	3.55	87.5923	
300246	宝莱特	3.55	38.1953	
603298	杭叉集团	3.55	20.3105	
600120	浙江东方	3.55	5.7407	
600261	阳光照明	3.54	26.2415	
600518	康美药业	3.54	29.5777	
300436	广生堂	3.54	88.9352	
000524	岭南控股	3.54	18.7017	
300507	苏奥传感	3.54	29.4665	
600020	中原高速	3.54	46.2431	
600217	中再资环	3.53	60.5048	
002048	宁波华翔	3.53	20.862	
603758	秦安股份	3.53	30.0252	
000692	惠天热电	3.53	14.9415	
600919	江苏银行	3.52	41.3344	
300547	川环科技	3.51	32.3319	
603158	腾龙股份	3.5	34.8105	
603359	东珠生态	3.5	26.0602	
600185	格力地产	3.49	42.7881	
603701	德宏股份	3.49	33.9981	
603089	正裕工业	3.49	31.5985	
300124	汇川技术	3.49	46.5688	
601678	滨化股份	3.49	24.5394	
300548	博创科技	3.49	37.1162	
000759	中百集团	3.48	20.9572	
603421	鼎信通讯	3.47	74.0001	
002462	嘉事堂	3.46	10.6769	
600029	南方航空	3.46	14.747	
300360	炬华科技	3.46	36.1432	
601899	紫金矿业	3.45	14.1322	
300463	迈克生物	3.44	53.8969	
300204	舒泰神	3.44	95.1924	
002899	英派斯	3.44	38.0953	
601566	九牧王	3.43	57.7299	
300606	金太阳	3.43	38.3465	
002677	浙江美大	3.43	55.9881	
600009	上海机场	3.42	45.3529	
600600	青岛啤酒	3.42	40.9509	
002823	凯中精密	3.42	28.9221	
300100	双林股份	3.42	24.5253	
002793	东音股份	3.41	28.869	
300286	安科瑞	3.41	56.5569	
300298	三诺生物	3.41	67.33	
002606	大连电瓷	3.41	36.3029	
603010	万盛股份	3.4	23.758000000000003	
300600	瑞特股份	3.4	54.0117	
600062	华润双鹤	3.39	54.9645	
601006	大秦铁路	3.39	29.5664	
603086	先达股份	3.39	26.2611	
300457	赢合科技	3.39	32.8521	
000639	西王食品	3.38	37.2002	
002345	潮宏基	3.38	39.3967	
300266	兴源环境	3.37	24.1639	
002367	康力电梯	3.37	36.1908	
600742	一汽富维	3.37	6.5112	
002236	大华股份	3.36	39.7464	
300673	佩蒂股份	3.36	31.8283	
603808	歌力思	3.35	72.7023	
600327	大东方	3.35	15.4623	
002450	康得新	3.35	37.5856	
600649	城投控股	3.34	35.9229	
603866	桃李面包	3.34	34.6635	
600475	华光股份	3.34	19.3989	
603520	司太立	3.34	38.3205	
002402	和而泰	3.34	23.1583	
300009	安科生物	3.34	76.7133	
603585	苏利股份	3.33	34.5704	
002126	银轮股份	3.33	26.4561	
002635	安洁科技	3.33	39.2002	
603183	建研院	3.32	48.2474	
000429	粤高速A	3.32	61.7627	
600300	维维股份	3.32	29.5715	
603007	花王股份	3.32	34.3324	
600380	健康元	3.32	64.4514	
603311	金海环境	3.31	34.4293	
000951	中国重汽	3.31	10.6579	
600233	圆通速递	3.29	11.704	
600926	杭州银行	3.29	47.1503	
300506	名家汇	3.29	55.9298	
603006	联明股份	3.28	21.8048	
002277	友阿股份	3.28	21.7715	
002281	光迅科技	3.28	18.2762	
300653	正海生物	3.28	93.6883	
000626	远大控股	3.27	1.2752	
600012	皖通高速	3.27	59.9974	
002183	怡亚通	3.27	6.4110000000000005	
600647	同达创业	3.27	65.8207	
601818	光大银行	3.26	48.3747	
603879	永悦科技	3.26	18.2715	
603067	振华股份	3.25	30.5091	
002244	滨江集团	3.25	37.6376	
002408	齐翔腾达	3.25	15.7224	
300443	金雷风电	3.24	43.4569	
002664	长鹰信质	3.24	23.4786	
002245	澳洋顺昌	3.24	22.1973	
601229	上海银行	3.23	50.4275	
300561	汇金科技	3.23	74.8757	
603178	圣龙股份	3.23	21.0943	
600196	复星医药	3.23	55.3378	
300607	拓斯达	3.23	39.0823	
300601	康泰生物	3.21	86.9504	
601988	中国银行	3.21	49.7421	
002879	长缆科技	3.21	54.3934	
300067	安诺其	3.21	20.0643	
002603	以岭药业	3.21	68.0891	
002769	普路通	3.21	5.6561	
300666	江丰电子	3.2	32.4872	
600325	华发股份	3.2	32.1115	
600081	东风科技	3.2	17.0518	
600497	驰宏锌锗	3.2	17.1507	
000525	红太阳	3.2	25.7552	
002553	南方轴承	3.19	42.6653	
600663	陆家嘴	3.19	59.6254	
603801	志邦股份	3.19	37.4924	
603200	上海洗霸	3.18	40.6356	
000985	大庆华科	3.18	13.7999	
300335	迪森股份	3.18	33.0365	
300563	神宇股份	3.18	28.1016	
300680	隆盛科技	3.17	32.2051	
600285	羚锐制药	3.17	71.4604	
600031	三一重工	3.16	32.5546	
600706	曲江文旅	3.16	38.6624	
002317	众生药业	3.15	65.5794	
002064	华峰氨纶	3.15	20.1953	
002038	双鹭药业	3.15	72.419	
002221	东华能源	3.15	8.6236	
300613	富瀚微	3.14	60.4575	
600886	国投电力	3.14	44.8489	
000613	大东海A	3.14	72.2893	
002840	华统股份	3.14	6.2332	
300686	智动力	3.14	23.5154	
000510	金路集团	3.14	18.4286	
300275	梅安森	3.14	36.965	
603958	哈森股份	3.13	52.5432	
300116	坚瑞沃能	3.13	30.4654	
601128	常熟银行	3.13	35.9982	
603319	湘油泵	3.13	30.7947	
002025	航天电器	3.13	38.4137	
300294	博雅生物	3.12	61.3485	
000028	国药一致	3.12	10.4129	
600329	中新药业	3.12	38.5369	
600444	国机通用	3.11	14.9811	
603728	鸣志电器	3.11	36.7527	
603578	三星新材	3.11	30.5988	
603556	海兴电力	3.11	47.6888	
000034	神州数码	3.11	5.5802	
000989	九芝堂	3.11	56.5086	
603978	深圳新星	3.1	21.3375	
603358	华达科技	3.1	26.4437	
600269	赣粤高速	3.1	45.3945	
000589	黔轮胎A	3.1	13.6998	
002050	三花智控	3.1	26.3265	
300207	欣旺达	3.1	11.9552	
603111	康尼机电	3.09	38.7941	
600352	浙江龙盛	3.09	37.8978	
002195	二三四五	3.09	90.0045	
601966	玲珑轮胎	3.09	22.9956	
600419	天润乳业	3.09	29.4428	
002734	利民股份	3.09	27.5653	
603993	洛阳钼业	3.08	37.9245	
002820	桂发祥	3.08	48.7649	
603058	永吉股份	3.08	42.6562	
600521	华海药业	3.08	51.0304	
600521	华海药业	3.08	51.0304	
600231	凌钢股份	3.08	10.1405	
000488	晨鸣纸业	3.07	31.9215	
600782	新钢股份	3.07	6.5559	
300476	胜宏科技	3.06	25.3566	
300403	地尔汉宇	3.05	43.4764	
002672	东江环保	3.05	37.0313	
601200	上海环境	3.05	45.5209	
601069	西部黄金	3.05	35.309	
601607	上海医药	3.05	12.3812	
002881	美格智能	3.05	28.0563	
000417	合肥百货	3.04	18.2261	
603168	莎普爱思	3.04	69.9823	
600843	上工申贝	3.04	29.0429	
600163	中闽能源	3.04	66.9908	
300647	超频三	3.03	36.6233	
002581	未名医药	3.03	69.7967	
002275	桂林三金	3.03	72.4155	
002324	普利特	3.02	19.7953	
603960	克来机电	3.02	37.3857	
600348	阳泉煤业	3.02	18.299	
600093	易见股份	3.01	7.0835	
601900	南方传媒	3.01	31.8714	
603393	新天然气	3.0	23.4231	
002020	京新药业	3.0	56.5008	
002711	欧浦智网	3.0	9.4084	
300037	新宙邦	3.0	38.7698	
002631	德尔未来	3.0	34.5637	
300671	富满电子	2.99	27.96	
603889	新澳股份	2.99	19.9548	
002561	徐家汇	2.99	28.4065	
300649	杭州园林	2.99	54.6079	
600035	楚天高速	2.99	52.4425	
600897	厦门空港	2.99	42.1422	
300429	强力新材	2.99	40.9203	
603916	苏博特	2.99	41.023	
000001	平安银行	2.99	29.6911	
601336	新华保险	2.98	6.2025	
300242	佳云科技	2.98	12.755	
002152	广电运通	2.98	42.9384	
603040	新坐标	2.98	65.2287	
600243	青海华鼎	2.98	18.3351	
603906	龙蟠科技	2.98	33.6198	
600229	城市传媒	2.97	38.702	
300567	精测电子	2.97	46.9798	
000725	京东方A	2.97	28.6316	
002626	金达威	2.97	39.395	
603339	四方冷链	2.97	32.3567	
300439	美康生物	2.97	54.8486	
603519	立霸股份	2.97	14.7937	
601328	交通银行	2.97	43.6877	
002437	誉衡药业	2.96	58.4319	
300178	腾邦国际	2.96	24.2285	
000876	新希望	2.96	8.2453	
603881	数据港	2.95	42.0665	
002650	加加食品	2.94	28.3293	
002479	富春环保	2.94	19.9235	
603416	信捷电气	2.93	43.9982	
002043	兔宝宝	2.93	16.7417	
002801	微光股份	2.93	29.4997	
002233	塔牌集团	2.93	26.8975	
601998	中信银行	2.93	39.2054	
002906	华阳集团	2.92	22.7113	
002372	伟星新材	2.92	43.6853	
002551	尚荣医疗	2.92	23.8527	
600618	氯碱化工	2.92	9.3214	
300502	新易盛	2.91	25.5522	
002550	千红制药	2.9	50.1944	
603555	贵人鸟	2.9	38.4256	
300481	濮阳惠成	2.9	30.3159	
603599	广信股份	2.89	29.6504	
601985	中国核电	2.89	42.0037	
300232	洲明科技	2.89	30.1208	
600015	华夏银行	2.89	36.991	
600987	航民股份	2.89	27.0812	
300016	北陆药业	2.88	64.4696	
300270	中威电子	2.88	65.0407	
300669	沪宁股份	2.87	32.7077	
002852	道道全	2.87	15.4011	
300231	银信科技	2.87	31.7881	
600895	张江高科	2.86	58.7836	
000022	深赤湾A	2.86	44.1527	
600977	中国电影	2.86	27.3965	
600182	S佳通	2.85	15.6496	
603839	安正时尚	2.85	70.4281	
603026	石大胜华	2.85	9.5025	
000609	中迪投资	2.84	35.0587	
601233	桐昆股份	2.84	10.4413	
300041	回天新材	2.84	29.2565	
000926	福星股份	2.84	30.6508	
000553	沙隆达A	2.84	21.4852	
000601	韶能股份	2.84	31.2425	
600148	长春一东	2.83	30.354	
300237	美晨生态	2.83	36.3578	
603131	上海沪工	2.83	29.6763	
603345	安井食品	2.83	27.4499	
300676	华大基因	2.82	61.2428	
300428	四通新材	2.82	11.2152	
600251	冠农股份	2.82	13.1128	
300494	盛天网络	2.82	54.17	
300452	山河药辅	2.81	31.5513	
300467	迅游科技	2.81	68.7021	
002327	富安娜	2.81	50.2487	
002090	金智科技	2.81	23.4572	
002838	道恩股份	2.81	22.5417	
603286	日盈电子	2.8	35.3613	
002836	新宏泽	2.8	42.3841	
300083	劲胜智能	2.8	23.2308	
002752	N兴股份	2.8	20.2114	
300252	金信诺	2.8	29.7045	
000650	仁和药业	2.8	39.1699	
002097	山河智能	2.8	40.6814	
603787	新日股份	2.79	14.2216	
002882	金龙羽	2.79	15.0324	
601666	平煤股份	2.79	19.1874	
601139	深圳燃气	2.79	24.3379	
002001	新和成	2.79	38.9011	
000055	方大集团	2.78	31.1986	
002258	利尔化学	2.78	27.0523	
603767	中马传动	2.78	25.5605	
002258	利尔化学	2.78	27.0523	
000055	方大集团	2.78	31.1986	
002602	世纪华通	2.77	31.7383	
601579	会稽山	2.77	49.8639	
300696	爱乐达	2.77	69.3919	
000545	金浦钛业	2.77	24.9837	
300539	横河模具	2.77	25.2321	
300244	迪安诊断	2.77	31.9587	
002206	海利得	2.77	21.3947	
600053	九鼎投资	2.76	94.6186	
000830	鲁西化工	2.76	17.6618	
600305	恒顺醋业	2.75	41.016999999999996	
600389	江山股份	2.75	14.4011	
600737	中粮糖业	2.75	18.6253	
300230	永利股份	2.75	31.956	
000060	中金岭南	2.75	11.258	
603738	泰晶科技	2.74	37.5786	
002117	东港股份	2.74	36.044000000000004	
600022	山东钢铁	2.74	5.0309	
600509	天富能源	2.74	34.3851	
300320	海达股份	2.74	31.0062	
600622	光大嘉宝	2.73	43.3999	
300568	星源材质	2.73	52.8348	
300623	捷捷微电	2.73	55.2779	
000983	西山煤电	2.72	36.3086	
000411	英特集团	2.72	5.1981	
002008	大族激光	2.72	40.7616	
000968	蓝焰控股	2.72	33.6788	
300088	长信科技	2.72	6.9152	
600420	现代制药	2.72	39.4062	
600585	海螺水泥	2.72	29.038	
600328	兰太实业	2.72	42.7244	
002821	凯莱英	2.71	48.3266	
000797	中国武夷	2.71	32.6914	
002707	众信旅游	2.71	10.9414	
600332	白云山	2.71	39.3712	
002536	西泵股份	2.71	26.769000000000002	
000860	顺鑫农业	2.71	38.2136	
600755	厦门国贸	2.7	2.9893	
603001	奥康国际	2.7	38.6966	
002503	搜于特	2.7	14.4065	
603116	红蜻蜓	2.7	35.3865	
600252	中恒集团	2.69	77.5719	
601098	中南传媒	2.69	45.3565	
601669	中国电建	2.69	12.5204	
002051	中工国际	2.69	21.6225	
002511	中顺洁柔	2.69	36.3961	
300014	亿纬锂能	2.69	28.8704	
603266	天龙股份	2.69	27.1934	
300401	花园生物	2.68	44.8004	
601878	浙商证券	2.68	34.3056	
600522	中天科技	2.68	16.8745	
600557	康缘药业	2.68	74.405	
002062	宏润建设	2.68	8.4109	
601699	潞安环能	2.67	38.4183	
600764	中国海防	2.67	26.2841	
600548	深高速	2.67	50.4222	
002320	海峡股份	2.67	51.7586	
002448	中原内配	2.67	38.7882	
600480	凌云股份	2.67	20.0379	
601699	潞安环能	2.67	38.4183	
600764	中国海防	2.67	26.2841	
300512	中亚股份	2.66	47.4373	
600908	无锡银行	2.66	44.44	
000782	美达股份	2.66	14.882	
002241	歌尔股份	2.66	22.3295	
603660	苏州科达	2.66	69.5617	
603567	珍宝岛	2.65	59.1232	
002861	瀛通通讯	2.65	32.5037	
603101	汇嘉时代	2.65	16.6182	
600323	瀚蓝环境	2.65	29.7794	
600975	新五丰	2.65	12.4478	
000023	深天地A	2.64	7.3793	
300375	鹏翎股份	2.64	29.4478	
300127	银河磁体	2.64	37.9426	
002824	和胜股份	2.63	21.4526	
600804	鹏博士	2.63	52.3205	
000776	广发证券	2.62	57.3992	
300314	戴维医疗	2.62	54.8874	
300580	贝斯特	2.62	40.4894	
002014	永新股份	2.62	22.3315	
002042	华孚时尚	2.62	13.6739	
300531	优博讯	2.62	41.4073	
300373	扬杰科技	2.62	34.1637	
600641	万业企业	2.61	47.3544	
002148	北纬科技	2.61	45.3973	
600616	金枫酒业	2.61	49.7549	
600319	亚星化学	2.61	9.3663	
002475	立讯精密	2.6	20.8428	
300017	网宿科技	2.6	35.6884	
600983	惠而浦	2.6	28.1926	
002643	万润股份	2.6	38.0769	
603041	美思德	2.59	38.1085	
000676	智度股份	2.59	14.3586	
000903	云内动力	2.59	17.326	
300347	泰格医药	2.59	42.8037	
000906	浙商中拓	2.59	2.1289	
002454	松芝股份	2.59	26.7865	
300251	光线传媒	2.59	38.6773	
601211	国泰君安	2.58	58.2459	
600422	昆药集团	2.58	45.1232	
600089	特变电工	2.58	23.0294	
600094	大名城	2.58	32.5303	
600280	中央商场	2.57	21.4605	
601799	星宇股份	2.57	21.0518	
002407	多氟多	2.57	26.7817	
300196	长海股份	2.57	28.401999999999997	
300285	国瓷材料	2.56	40.2536	
000785	武汉中商	2.56	20.246	
002573	清新环境	2.55	33.1175	
002376	新北洋	2.55	46.887	
603368	柳药股份	2.55	9.3135	
603703	盛洋科技	2.55	19.704	
300615	欣天科技	2.55	43.9953	
002208	合肥城建	2.54	22.8808	
600299	安迪苏	2.54	39.1995	
002557	洽洽食品	2.54	30.7417	
600917	重庆燃气	2.54	14.5971	
300461	田中精机	2.54	37.482	
601866	中远海发	2.54	19.5122	
600371	万向德农	2.54	33.4856	
300501	海顺新材	2.53	37.3769	
600874	创业环保	2.52	41.9908	
002789	建艺集团	2.52	9.7574	
600007	中国国贸	2.52	54.3007	
002171	楚江新材	2.52	7.625	
600260	凯乐科技	2.52	10.2439	
000756	新华制药	2.52	26.9758	
600835	上海机电	2.52	21.5563	
600123	兰花科创	2.52	36.3134	
002101	广东鸿图	2.52	25.0523	
002068	黑猫股份	2.51	17.8275	
603018	中设集团	2.51	35.9289	
002518	科士达	2.51	33.7185	
600559	老白干酒	2.5	56.5802	
300648	星云股份	2.5	52.1249	
601588	北辰实业	2.49	31.9724	
002839	张家港行	2.49	34.1483	
600594	益佰制药	2.49	73.068	
002888	惠威科技	2.48	37.7769	
600114	东睦股份	2.48	35.859	
002515	金字火腿	2.48	49.6654	
002700	新疆浩源	2.48	38.525999999999996	
600033	福建高速	2.48	69.8001	
603336	宏辉果蔬	2.48	18.0564	
002765	蓝黛传动	2.48	25.5239	
300508	维宏股份	2.47	71.3873	
600270	外运发展	2.47	7.4199	
002403	爱仕达	2.47	42.2974	
603718	海利生物	2.47	78.917	
603828	柯利达	2.47	15.2404	
002104	恒宝股份	2.46	34.1029	
000031	中粮地产	2.46	52.7705	
002745	木林森	2.46	24.9575	
002440	闰土股份	2.46	26.2627	
600757	长江传媒	2.46	14.2473	
600019	宝钢股份	2.46	11.857999999999999	
002563	森马服饰	2.46	42.086999999999996	
603223	恒通股份	2.46	7.8089	
600088	中视传媒	2.45	34.1249	
603811	诚意药业	2.45	45.9757	
000070	特发信息	2.45	16.8781	
601928	凤凰传媒	2.45	38.9061	
000958	东方能源	2.45	14.8961	
601116	三江购物	2.45	22.6476	
000735	罗牛山	2.44	35.8157	
300396	迪瑞医疗	2.44	66.4164	
601326	秦港股份	2.44	39.1569	
600503	华丽家族	2.44	16.1665	
002397	梦洁股份	2.43	48.7909	
603328	依顿电子	2.43	31.1447	
002790	瑞尔特	2.43	34.9668	
300576	容大感光	2.42	34.3864	
600113	浙江东日	2.42	47.9195	
601000	唐山港	2.42	36.0807	
300632	光莆股份	2.41	31.5357	
002514	宝馨科技	2.41	35.7051	
300278	华昌达	2.4	15.5933	
600824	益民集团	2.4	34.389	
002251	步步高	2.4	21.2294	
603569	长久物流	2.4	8.4683	
601595	上海电影	2.4	26.8172	
300530	达志科技	2.4	52.9221	
002810	山东赫达	2.39	24.296	
603303	得邦照明	2.39	16.9625	
300399	京天利	2.39	34.5855	
300091	金通灵	2.39	27.7725	
002186	全聚德	2.39	61.1933	
600226	瀚叶股份	2.39	12.8763	
002781	奇信股份	2.39	15.3338	
002441	众业达	2.38	13.3785	
600617	国新能源	2.37	13.3442	
002759	天际股份	2.37	52.1546	
600236	桂冠电力	2.37	42.9518	
600307	酒钢宏兴	2.37	16.4186	
002099	海翔药业	2.37	44.6988	
600723	首商股份	2.37	22.3266	
300432	富临精工	2.36	32.4412	
002863	今飞凯达	2.36	19.6086	
000929	兰州黄河	2.36	27.7094	
600644	乐山电力	2.36	22.3894	
002138	顺络电子	2.36	39.7776	
002608	江苏国信	2.36	11.5988	
603669	灵康药业	2.35	64.6127	
002802	洪汇新材	2.35	28.4409	
600766	园城黄金	2.35	96.3818	
600070	浙江富润	2.35	17.2179	
600025	华能水电	2.35	51.9603	
600761	安徽合力	2.34	19.567999999999998	
002540	亚太科技	2.34	21.8872	
300496	中科创达	2.33	44.5988	
002091	江苏国泰	2.33	10.6292	
000928	中钢国际	2.33	16.5485	
600090	同济堂	2.33	14.6263	
300122	智飞生物	2.33	93.8213	
600705	中航资本	2.33	46.4066	
000761	本钢板材	2.32	10.7998	
000046	泛海控股	2.32	36.4726	
002022	科华生物	2.32	33.5207	
000898	鞍钢股份	2.32	12.5652	
601368	绿城水务	2.31	46.6374	
000541	佛山照明	2.31	24.0324	
603586	金麒麟	2.31	32.5117	
603663	三祥新材	2.31	25.7702	
002456	欧菲科技	2.31	11.982999999999999	
600769	祥龙电业	2.31	3.0460000000000003	
002446	盛路通信	2.31	34.809	
002539	云图控股	2.31	18.051	
603226	菲林格尔	2.3	29.2079	
600639	浦东金桥	2.3	76.3129	
600363	联创光电	2.3	16.5738	
600844	丹化科技	2.29	39.4497	
603118	共进股份	2.29	13.215	
000066	中国长城	2.29	21.4457	
002412	汉森制药	2.29	71.8252	
300486	东杰智能	2.29	22.4883	
600711	盛屯矿业	2.29	6.8368	
300590	移为通信	2.29	59.8193	
000066	中国长城	2.29	21.4457	
603609	禾丰牧业	2.28	9.6022	
603939	益丰药房	2.28	39.6952	
600735	新华锦	2.28	26.4201	
300636	同和药业	2.28	38.848	
600028	中国石化	2.28	19.9021	
002554	惠博普	2.28	25.7468	
600335	国机汽车	2.28	4.2173	
600066	宇通客车	2.27	24.0231	
002047	宝鹰股份	2.27	15.0233	
002787	华源控股	2.27	21.9664	
300323	华灿光电	2.27	33.2381	
300174	元力股份	2.27	31.7041	
002185	华天科技	2.27	18.3906	
600383	金地集团	2.27	35.5525	
002846	英联股份	2.27	28.1406	
002264	新华都	2.26	21.3865	
002712	思美传媒	2.26	18.6487	
603768	常青股份	2.25	21.5215	
600350	山东高速	2.25	58.473	
002865	钧达股份	2.25	24.7733	
002217	合力泰	2.25	17.6104	
300138	晨光生物	2.25	15.4156	
600551	时代出版	2.25	10.2212	
603823	百合花	2.24	17.9121	
600387	海越股份	2.24	5.8322	
300620	光库科技	2.24	44.4823	
601828	美凯龙	2.24	71.1257	
600986	科达股份	2.24	13.2585	
300522	世名科技	2.23	43.9638	
603039	泛微网络	2.23	92.6833	
000826	启迪桑德	2.23	27.5693	
600438	通威股份	2.22	19.2449	
300170	汉得信息	2.22	35.0842	
002842	翔鹭钨业	2.22	18.6874	
000726	鲁泰A	2.22	32.4236	
600403	大有能源	2.22	35.1825	
000900	现代投资	2.22	15.3645	
600650	锦江投资	2.22	20.315	
300133	华策影视	2.22	28.7489	
002716	金贵银业	2.22	7.1107	
300145	中金环境	2.22	46.3416	
600713	南京医药	2.22	6.0179	
300194	福安药业	2.22	46.6406	
002837	英维克	2.22	34.5506	
601811	新华文轩	2.21	37.8643	
600172	黄河旋风	2.21	42.6809	
600491	龙元建设	2.21	8.6396	
603023	威帝股份	2.21	56.6566	
000757	浩物股份	2.2	26.7099	
300054	鼎龙股份	2.19	36.3063	
603566	普莱柯	2.19	71.6132	
300143	星普医科	2.19	75.6905	
300535	达威股份	2.19	49.7214	
603887	城地股份	2.19	12.8052	
002401	中远海科	2.19	19.0636	
300387	富邦股份	2.18	37.5686	
300435	中泰股份	2.18	26.5204	
300026	红日药业	2.18	71.2931	
000598	兴蓉环境	2.18	41.1417	
300026	红日药业	2.18	71.2931	
000598	兴蓉环境	2.18	41.1417	
002757	南兴装备	2.18	29.3596	
002455	百川股份	2.18	14.6949	
300493	润欣科技	2.18	10.9291	
002273	水晶光电	2.17	29.798000000000002	
600240	华业资本	2.17	32.8863	
603159	上海亚虹	2.17	21.5093	
600577	精达股份	2.17	11.402999999999999	
600195	中牧股份	2.17	34.7406	
000531	穗恒运A	2.17	24.2411	
603603	博天环境	2.17	31.7724	
000623	吉林敖东	2.17	67.7498	
002695	煌上煌	2.17	35.1744	
002285	世联行	2.16	20.7659	
002365	永安药业	2.16	28.4493	
300304	云意电气	2.16	35.1702	
001696	宗申动力	2.16	17.0116	
603898	好莱客	2.15	38.2654	
000151	中成股份	2.15	12.8644	
002772	众兴菌业	2.15	36.9057	
002477	雏鹰农牧	2.15	24.3276	
002617	露笑科技	2.15	14.3922	
600827	百联股份	2.15	20.6545	
600112	天成控股	2.15	32.6285	
000617	中油资本	2.15	42.2068	
601010	文峰股份	2.14	19.1378	
600061	国投资本	2.14	3.7013	
600105	永鼎股份	2.14	25.0706	
000065	北方国际	2.14	9.8752	
600970	中材国际	2.14	14.8522	
601186	中国铁建	2.14	9.2203	
603677	奇精机械	2.14	19.8357	
603323	吴江银行	2.14	33.968	
000012	南玻A	2.13	23.6715	
002491	通鼎互联	2.13	29.2608	
600822	上海物贸	2.13	5.0018	
603208	江山欧派	2.13	30.479	
300199	翰宇药业	2.13	76.4556	
300274	阳光电源	2.12	28.9716	
600978	宜华生活	2.12	39.7148	
300317	珈伟股份	2.12	32.0429	
002771	真视通	2.12	25.7624	
603608	天创时尚	2.12	57.0212	
603689	皖天然气	2.12	9.3733	
002033	丽江旅游	2.12	73.3295	
603218	日月股份	2.11	26.608	
001965	招商公路	2.11	45.1473	
000669	金鸿控股	2.11	32.5949	
300485	赛升药业	2.11	63.6584	
002859	洁美科技	2.1	38.6947	
000404	长虹华意	2.1	12.1238	
300221	银禧科技	2.1	18.299	
000733	振华科技	2.1	15.4853	
300441	鲍斯股份	2.1	38.4195	
002756	永兴特钢	2.1	13.0139	
601789	宁波建工	2.1	7.0453	
000685	中山公用	2.09	29.9632	
601377	兴业证券	2.09	43.4462	
002736	国信证券	2.09	51.0636	
600629	华建集团	2.09	26.2596	
000886	海南高速	2.09	40.3087	
002370	亚太药业	2.09	38.5284	
603630	拉芳家化	2.09	60.636	
000685	中山公用	2.09	29.9632	
300459	金科文化	2.08	43.2109	
600529	山东药玻	2.08	28.4129	
002157	正邦科技	2.08	12.1789	
603598	引力传媒	2.08	7.056	
600048	保利地产	2.07	38.3191	
000021	深科技	2.07	6.1381	
002343	慈文传媒	2.07	44.8783	
300206	理邦仪器	2.07	55.9857	
603699	纽威股份	2.06	32.0469	
002728	特一药业	2.06	45.7257	
300271	华宇软件	2.06	48.5429	
600900	长江电力	2.06	46.2374	
600958	东方证券	2.06	38.4108	
600547	山东黄金	2.06	10.9596	
002385	大北农	2.06	24.9466	
603987	康德莱	2.05	33.5507	
002548	金新农	2.05	17.515	
002394	联发股份	2.05	17.6629	
600388	龙净环保	2.05	23.119	
000800	一汽轿车	2.05	25.5227	
300176	鸿特科技	2.04	21.8781	
002504	弘高创意	2.04	21.4635	
002895	川恒股份	2.04	27.6512	
600218	全柴动力	2.04	13.640999999999998	
603838	四通股份	2.04	33.785	
300635	达安股份	2.04	29.5821	
601107	四川成渝	2.04	40.3378	
300487	蓝晓科技	2.03	39.0247	
002351	漫步者	2.03	35.1243	
002061	浙江交科	2.03	16.8894	
002817	黄山胶囊	2.03	38.0754	
300303	聚飞光电	2.03	23.5761	
000006	深振业A	2.03	22.6901	
600528	中铁工业	2.03	20.1081	
002750	龙津药业	2.03	86.5724	
300326	凯利泰	2.03	65.2546	
600500	中化国际	2.03	11.5117	
002224	三力士	2.03	34.9461	
002803	吉宏股份	2.02	17.3837	
603806	福斯特	2.02	20.2454	
300310	宜通世纪	2.02	24.671999999999997	
600026	中远海能	2.01	31.365	
600530	交大昂立	2.01	67.0763	
002766	索菱股份	2.01	30.1948	
600315	上海家化	2.01	72.3638	
300509	新美星	2.01	33.9379	
000683	远兴能源	2.0	29.0198	
600845	宝信软件	2.0	27.0133	
300001	特锐德	2.0	26.7404	
002131	利欧股份	1.99	18.0892	
600837	海通证券	1.99	44.5865	
300341	麦迪电气	1.99	40.6011	
601208	东材科技	1.99	23.7869	
600060	海信电器	1.99	14.3987	
002131	利欧股份	1.99	18.0892	
600837	海通证券	1.99	44.5865	
300341	麦迪电气	1.99	40.6011	
600549	厦门钨业	1.98	25.3592	
600611	大众交通	1.98	25.9675	
603615	茶花股份	1.98	34.247	
002690	美亚光电	1.98	53.1685	
601877	正泰电器	1.98	28.3903	
601628	中国人寿	1.98	2.7807	
600643	爱建集团	1.97	44.4516	
300569	天能重工	1.97	34.164	
002590	万安科技	1.97	26.5948	
002807	江阴银行	1.97	31.6689	
601188	龙江交通	1.97	61.3438	
603969	银龙股份	1.96	19.4186	
600483	福能股份	1.96	21.5873	
600642	申能股份	1.96	7.3716	
300639	凯普生物	1.96	84.4107	
300044	赛为智能	1.96	21.7315	
601163	三角轮胎	1.96	18.1313	
000600	建投能源	1.96	19.3468	
300533	冰川网络	1.96	88.5077	
300570	太辰光	1.96	35.9574	
600116	三峡水利	1.95	22.3525	
600999	招商证券	1.95	57.365	
002411	必康股份	1.95	51.9445	
002809	红墙股份	1.95	25.6949	
300473	德尔股份	1.95	39.1287	
603717	天域生态	1.95	28.9262	
000712	锦龙股份	1.95	84.0717	
603020	爱普股份	1.95	19.6497	
601718	际华集团	1.95	8.0331	
002139	拓邦股份	1.95	23.8629	
603909	合诚股份	1.95	40.8105	
002572	索菲亚	1.94	32.3579	
002795	永和智控	1.94	27.877	
600418	江淮汽车	1.94	10.7457	
600170	上海建工	1.94	10.2375	
002776	柏堡龙	1.94	28.0861	
600981	汇鸿集团	1.94	5.6835	
002706	良信电器	1.94	38.0436	
600820	隧道股份	1.94	10.5956	
000799	酒鬼酒	1.94	76.8746	
002588	史丹利	1.93	21.4101	
000967	盈峰环境	1.93	15.3336	
603398	邦宝益智	1.93	31.7959	
000062	深圳华强	1.93	19.6524	
601018	宁波港	1.93	29.8597	
603797	联泰环保	1.93	57.7108	
300324	旋极信息	1.92	47.096000000000004	
002238	天威视讯	1.92	36.845	
600153	建发股份	1.92	4.9487	
600795	国电电力	1.92	18.9337	
000421	南京公用	1.92	23.3053	
300109	新开源	1.92	47.1799	
300516	久之洋	1.92	44.8565	
603015	弘讯科技	1.92	41.754	
600079	人福医药	1.92	39.1471	
002653	海思科	1.92	78.8801	
002238	天威视讯	1.92	36.845	
002373	千方科技	1.91	29.5565	
600704	物产中大	1.91	3.1951	
601800	中国交建	1.91	13.3585	
002850	科达利	1.91	27.0407	
603779	威龙股份	1.91	55.1429	
002119	康强电子	1.91	22.3784	
300604	长川科技	1.91	54.3782	
000150	宜华健康	1.91	33.1276	
601311	骆驼股份	1.91	20.5363	
000698	沈阳化工	1.91	8.812999999999999	
600710	苏美达	1.9	5.0068	
600068	葛洲坝	1.9	11.2573	
000402	金融街	1.9	30.2738	
300562	乐心医疗	1.9	28.4001	
300255	常山药业	1.89	65.1205	
600814	杭州解百	1.89	22.063000000000002	
300279	和晶科技	1.89	26.4559	
600293	三峡新材	1.89	7.5486	
300152	科融环境	1.89	25.8776	
002516	旷达科技	1.89	34.9257	
600508	上海能源	1.89	30.8008	
002146	荣盛发展	1.89	31.2797	
000100	TCL集团	1.89	18.215999999999998	
300315	掌趣科技	1.88	62.2351	
600862	中航高科	1.88	26.7168	
002762	金发拉比	1.88	52.1389	
603998	方盛制药	1.88	54.522	
002379	宏创控股	1.88	3.2608	
601618	中国中冶	1.87	11.9758	
600736	苏州高新	1.87	19.8438	
603901	永创智能	1.87	30.4253	
300470	日机密封	1.87	53.8705	
002774	快意电梯	1.87	36.1923	
000026	飞亚达A	1.87	40.1592	
300398	飞凯材料	1.87	41.2372	
000516	国际医学	1.86	19.7979	
601677	明泰铝业	1.86	8.3703	
600308	华泰股份	1.86	13.3184	
603877	太平鸟	1.86	54.3976	
600891	秋林集团	1.86	9.3895	
000426	兴业矿业	1.86	69.3967	
300455	康拓红外	1.86	50.6334	
601872	招商轮船	1.86	34.8656	
000959	首钢股份	1.86	13.5969	
300560	中富通	1.86	26.3995	
300216	千山药机	1.86	51.3587	
600498	烽火通信	1.86	28.9247	
002592	八菱科技	1.86	16.8398	
002053	云南能投	1.85	46.6676	
603138	海量数据	1.85	20.9279	
300098	高新兴	1.85	44.7172	
600687	刚泰控股	1.85	11.0389	
600110	诺德股份	1.85	24.1262	
002252	上海莱士	1.85	64.4403	
002187	广百股份	1.85	19.5934	
300183	东软载波	1.85	60.446000000000005	
600381	青海春天	1.85	43.4192	
002556	辉隆股份	1.85	6.3101	
601108	财通证券	1.85	47.5236	
002239	奥特佳	1.84	21.3831	
002444	巨星科技	1.84	34.0399	
000823	超声电子	1.84	22.1561	
600810	神马股份	1.84	7.3462	
002567	唐人神	1.84	9.1422	
002228	合兴包装	1.84	15.5036	
300129	泰胜风能	1.84	38.9268	
002782	可立克	1.83	23.6926	
300284	苏交科	1.83	25.7781	
002582	好想你	1.83	29.9859	
300400	劲拓股份	1.83	42.5	
000529	广弘控股	1.83	14.2498	
600790	轻纺城	1.83	66.9403	
300638	广和通	1.83	29.805	
300395	菲利华	1.82	44.5328	
300055	万邦达	1.82	29.4049	
000166	申万宏源	1.82	46.7149	
300108	吉药控股	1.82	30.921	
300611	美力科技	1.82	35.1126	
300292	吴通控股	1.82	25.6639	
000038	深大通	1.82	33.1585	
000889	茂业通信	1.82	25.7429	
000883	湖北能源	1.81	25.0221	
002055	得润电子	1.81	15.2005	
300273	和佳股份	1.81	58.0718	
600833	第一医药	1.81	15.0193	
600439	瑞贝卡	1.81	32.5124	
300316	晶盛机电	1.81	35.7101	
601965	中国汽研	1.81	32.010999999999996	
002843	泰嘉股份	1.81	40.3416	
002150	通润装备	1.81	24.8044	
002237	恒邦股份	1.81	5.7548	
002274	华昌化工	1.81	13.1945	
600655	豫园股份	1.81	13.7791	
601390	中国中铁	1.81	8.9101	
300154	瑞凌股份	1.81	30.935	
002410	广联达	1.81	93.7858	
300526	中潜股份	1.81	31.6332	
300602	飞荣达	1.81	23.4101	
002261	拓维信息	1.81	62.5051	
603665	康隆达	1.81	31.6434	
002429	兆驰股份	1.81	14.022	
000739	普洛药业	1.81	26.0165	
601111	中国国航	1.8	19.1021	
002758	华通医药	1.8	12.354000000000001	
000700	模塑科技	1.8	22.2	
300071	华谊嘉信	1.8	18.3935	
000550	江铃汽车	1.8	20.73	
600666	奥瑞德	1.8	25.5116	
300518	盛讯达	1.8	78.1751	
601518	吉林高速	1.8	70.4808	
600645	中源协和	1.8	66.2288	
002124	天邦股份	1.8	27.9326	
603667	五洲新春	1.79	20.8971	
300385	雪浪环境	1.79	29.5434	
601199	江南水务	1.79	44.1955	
002109	兴化股份	1.79	22.9586	
000960	锡业股份	1.79	10.3676	
000552	靖远煤电	1.79	27.0325	
002576	通达动力	1.78	8.3639	
002651	利君股份	1.78	43.2442	
600859	王府井	1.78	20.8742	
300005	探路者	1.78	26.1906	
600018	上港集团	1.78	28.2537	
000058	深赛格	1.77	28.2695	
603558	健盛集团	1.77	30.7487	
603818	曲美家居	1.77	37.6824	
000977	浪潮信息	1.77	11.1771	
300132	青松股份	1.77	26.2867	
002705	新宝股份	1.76	18.4407	
002800	天顺股份	1.76	10.4649	
002210	飞马国际	1.76	1.7997	
002717	岭南股份	1.76	31.5545	
600336	澳柯玛	1.76	23.7061	
002825	纳尔股份	1.76	22.3247	
600717	天津港	1.76	22.9341	
600838	上海九百	1.76	49.876999999999995	
603928	兴业股份	1.76	21.5932	
600173	卧龙地产	1.76	40.2552	
002697	红旗连锁	1.76	26.9755	
601881	中国银河	1.76	42.3339	
600057	厦门象屿	1.76	2.2275	
002813	路畅科技	1.75	31.9123	
600461	洪城水业	1.75	25.5362	
603139	康惠制药	1.75	57.7644	
600936	广西广电	1.75	25.9094	
002449	国星光电	1.75	21.8016	
600366	宁波韵升	1.75	29.9912	
603128	华贸物流	1.75	12.6058	
300483	沃施股份	1.75	26.2492	
300503	昊志机电	1.75	55.3338	
300171	东富龙	1.74	38.0153	
002338	奥普光电	1.74	52.496	
300307	慈星股份	1.74	41.7282	
300131	英唐智控	1.73	8.1143	
601700	风范股份	1.73	24.0159	
000413	东旭光电	1.73	31.2066	
000970	中科三环	1.73	23.4178	
601137	博威合金	1.73	11.7907	
603858	步长制药	1.73	81.4194	
002219	恒康医疗	1.73	33.9896	
600160	巨化股份	1.73	18.5493	
600702	舍得酒业	1.72	64.971	
300179	四方达	1.72	49.1342	
300599	雄塑科技	1.72	20.8698	
000751	锌业股份	1.72	9.7047	
600125	铁龙物流	1.72	8.0692	
600242	中昌数据	1.72	10.7684	
000708	大冶特钢	1.72	9.8177	
300537	广信材料	1.72	40.5873	
000758	中色股份	1.72	11.8225	
300650	太龙照明	1.72	38.8325	
300430	诚益通	1.71	36.2261	
300586	美联新材	1.71	22.2935	
600976	健民集团	1.71	28.2025	
000957	中通客车	1.71	14.7535	
002531	天顺风能	1.71	30.7938	
002270	华明装备	1.71	54.0345	
000635	英力特	1.71	20.5477	
603716	塞力斯	1.71	32.0478	
600326	西藏天路	1.71	30.5084	
300210	森远股份	1.71	45.2833	
300667	必创科技	1.71	45.544	
002862	实丰文化	1.71	24.3405	
000039	中集集团	1.7	18.3325	
300578	会畅通讯	1.7	48.486000000000004	
600614	鹏起科技	1.7	31.5785	
600714	金瑞矿业	1.7	8.4232	
600570	恒生电子	1.7	95.7579	
000988	华工科技	1.7	24.8669	
600961	株冶集团	1.7	4.779	
603309	维力医疗	1.7	36.3537	
000565	渝三峡A	1.7	4.5352	
000069	华侨城A	1.69	45.5734	
300021	大禹节水	1.69	29.8382	
600661	新南洋	1.69	43.5374	
002247	帝龙文化	1.69	29.3718	
000518	四环生物	1.69	63.5983	
300515	三德科技	1.69	54.1387	
600635	大众公用	1.68	10.5053	
603008	喜临门	1.68	35.6216	
000078	海王生物	1.68	12.2903	
002080	中材科技	1.68	27.5851	
600834	申通地铁	1.68	14.7775	
300031	宝通科技	1.68	47.8382	
300261	雅本化学	1.68	26.2247	
300612	宣亚国际	1.68	44.3027	
600138	中青旅	1.67	26.8314	
600697	欧亚集团	1.67	21.4713	
000662	天夏智慧	1.67	51.7777	
603508	思维列控	1.67	58.2461	
300042	朗科科技	1.66	10.0001	
600602	云赛智联	1.66	16.6176	
601100	恒立液压	1.66	28.4422	
002426	胜利精密	1.66	12.8996	
603060	国检集团	1.66	40.6316	
300488	恒锋工具	1.66	51.9264	
000919	金陵药业	1.66	19.7486	
002788	鹭燕医药	1.66	7.5243	
300272	开能健康	1.65	36.7768	
000783	长江证券	1.65	41.6247	
002041	登海种业	1.65	49.2151	
300061	康旗股份	1.65	49.4248	
603078	江化微	1.65	36.7078	
002605	姚记扑克	1.65	26.8408	
002127	南极电商	1.65	72.9824	
300438	鹏辉能源	1.64	24.4474	
002030	达安基因	1.64	46.1094	
002718	友邦吊顶	1.64	45.6486	
002735	王子新材	1.64	23.8245	
603166	福达股份	1.64	26.6804	
300078	思创医惠	1.64	41.6348	
002057	中钢天源	1.64	24.5437	
002661	克明面业	1.64	22.4327	
300102	乾照光电	1.63	31.226	
000582	北部湾港	1.63	34.7899	
002049	紫光国微	1.63	29.9114	
002422	科伦药业	1.63	43.8168	
300479	神思电子	1.63	38.7064	
002422	科伦药业	1.63	43.8168	
002388	新亚制程	1.62	21.8794	
300119	瑞普生物	1.62	55.4147	
002498	汉缆股份	1.62	13.0468	
600997	开滦股份	1.62	10.7361	
603456	九洲药业	1.62	31.0418	
300584	海辰药业	1.62	73.5466	
002284	亚太股份	1.61	17.8756	
002416	爱施德	1.61	2.8034	
603077	和邦生物	1.61	32.4081	
300422	博世科	1.61	27.8032	
603656	泰禾光电	1.61	53.4335	
002598	山东章鼓	1.61	30.9761	
000096	广聚能源	1.61	18.2224	
601198	东兴证券	1.61	50.5257	
603133	碳元科技	1.6	25.7624	
300349	金卡智能	1.6	49.3757	
600109	国金证券	1.6	33.6863	
000665	湖北广电	1.6	45.7158	
000050	深天马A	1.6	23.0537	
300573	兴齐眼药	1.6	78.4098	
002467	二六三	1.6	64.9476	
600699	均胜电子	1.6	18.5917	
300630	普利制药	1.6	76.4016	
300302	同有科技	1.6	43.9485	
600135	乐凯胶片	1.59	17.9298	
002283	天润曲轴	1.59	27.6781	
000419	通程控股	1.59	20.3758	
600059	古越龙山	1.59	32.8993	
300367	东方网力	1.59	61.3305	
300376	易事特	1.59	18.8327	
600637	东方明珠	1.59	25.8663	
601222	林洋能源	1.59	37.6265	
600857	宁波中百	1.58	14.0565	
300051	三五互联	1.58	72.5865	
002649	博彦科技	1.58	28.1763	
300566	激智科技	1.58	30.9656	
300340	科恒股份	1.58	17.1687	
002620	瑞和股份	1.58	14.3096	
002619	艾格拉斯	1.58	75.3982	
002093	国脉科技	1.58	41.3236	
000671	阳光城	1.58	28.6668	
300295	三六五网	1.58	94.2023	
600531	豫光金铅	1.58	4.3978	
300065	海兰信	1.58	48.7763	
600030	中信证券	1.57	39.4619	
300046	台基股份	1.57	39.8026	
601179	中国西电	1.57	35.3184	
002442	龙星化工	1.57	19.3067	
600023	浙能电力	1.57	11.773	
603601	再升科技	1.57	41.9224	
600317	营口港	1.57	32.1974	
002404	嘉欣丝绸	1.56	21.9915	
603668	天马科技	1.56	22.1976	
300297	蓝盾股份	1.56	64.5575	
600846	同济科技	1.56	14.6759	
600479	千金药业	1.56	46.6712	
600959	江苏有线	1.56	32.3695	
600692	亚通股份	1.56	17.6904	
601991	大唐发电	1.56	14.1894	
000750	国海证券	1.56	37.2656	
000430	张家界	1.55	20.4574	
002681	奋达科技	1.55	27.3009	
600693	东百集团	1.55	16.8034	
000520	长航凤凰	1.55	13.7555	
603515	欧普照明	1.55	41.3625	
600676	交运股份	1.55	11.7849	
600513	联环药业	1.55	63.9164	
601016	节能风电	1.55	52.2396	
300149	量子生物	1.55	46.6103	
002436	兴森科技	1.54	30.2064	
603108	润达医疗	1.54	27.2486	
002271	东方雨虹	1.54	40.2738	
600523	贵航股份	1.54	21.2545	
300433	蓝思科技	1.54	24.9153	
002056	横店东磁	1.54	18.9002	
601688	华泰证券	1.53	47.7735	
603678	火炬电子	1.53	22.3352	
601339	百隆东方	1.53	18.1275	
603016	新宏泰	1.53	40.3672	
002662	京威股份	1.53	27.0676	
600626	申达股份	1.53	11.2617	
002409	雅克科技	1.53	26.0862	
600754	锦江股份	1.53	89.4084	
002111	威海广泰	1.52	34.525999999999996	
600351	亚宝药业	1.52	51.0309	
002827	高争民爆	1.52	47.5181	
002155	湖南黄金	1.52	20.3836	
600623	华谊集团	1.52	7.5332	
600575	皖江物流	1.52	15.129000000000001	
600596	新安股份	1.52	16.7473	
600636	三爱富	1.51	12.9567	
601555	东吴证券	1.51	42.4043	
300454	深信服	1.51	77.4202	
300240	飞力达	1.51	14.0277	
002166	莱茵生物	1.51	25.2238	
000563	陕国投A	1.51	65.182	
600318	新力金融	1.51	79.1056	
600490	鹏欣资源	1.51	20.215	
300358	楚天科技	1.51	44.3814	
000899	赣能股份	1.5	15.1982	
000937	冀中能源	1.5	24.7189	
300553	集智股份	1.5	54.5133	
002391	长青股份	1.5	29.9472	
300421	力星股份	1.5	23.6813	
002322	理工环科	1.5	71.8207	
600295	鄂尔多斯	1.5	27.7141	
603069	海汽集团	1.5	20.7948	
600459	贵研铂业	1.5	2.2577	
601601	中国太保	1.5	2.6291	
002400	省广集团	1.49	17.0319	
002472	双环传动	1.49	21.7561	
603009	北特科技	1.49	22.5323	
600998	九州通	1.49	7.4981	
002349	精华制药	1.49	47.5026	
603232	格尔软件	1.48	64.7343	
002004	华邦健康	1.48	27.9862	
603232	格尔软件	1.48	64.7343	
002250	联化科技	1.48	32.5519	
002805	丰元股份	1.48	18.1865	
002777	久远银海	1.48	39.9116	
600781	辅仁药业	1.48	37.4464	
600330	天通股份	1.47	20.8124	
300233	金城医药	1.47	26.7443	
002406	远东传动	1.47	31.0477	
603819	神力股份	1.47	16.8311	
002856	美芝股份	1.47	13.3624	
600982	宁波热电	1.46	15.1265	
300101	振芯科技	1.46	54.9737	
603088	宁波精达	1.46	34.2224	
000156	华数传媒	1.46	45.2164	
600603	广汇物流	1.46	86.2256	
000570	苏常柴A	1.46	11.6559	
300474	景嘉微	1.46	73.767	
600390	五矿资本	1.46	5.1288	
002722	金轮股份	1.46	20.6155	
300468	四方精创	1.45	46.3845	
002071	长城影视	1.45	39.6047	
000017	深中华A	1.45	11.3023	
300034	钢研高纳	1.45	28.3933	
002026	山东威达	1.45	31.2873	
600337	美克家居	1.45	57.8857	
600162	香江控股	1.45	56.6256	
300409	道氏技术	1.45	39.1008	
300066	三川智慧	1.45	35.6874	
300445	康斯特	1.45	72.2214	
600722	金牛化工	1.45	13.6656	
300073	当升科技	1.44	18.7539	
002669	康达新材	1.44	39.2541	
002673	西部证券	1.44	37.1814	
002452	长高集团	1.44	34.9366	
600960	渤海汽车	1.44	20.2951	
300050	世纪鼎利	1.44	46.3962	
002463	沪电股份	1.44	15.6779	
002225	濮耐股份	1.44	32.6958	
300070	碧水源	1.44	25.5381	
603299	井神股份	1.43	30.5988	
603528	多伦科技	1.43	57.0279	
603066	音飞储存	1.43	36.2671	
603098	森特股份	1.43	28.372	
002340	格林美	1.43	21.5645	
002770	科迪乳业	1.43	26.9105	
601919	中远海控	1.43	7.689	
300236	上海新阳	1.43	39.6458	
603090	宏盛股份	1.43	29.9733	
000786	北新建材	1.42	27.6562	
002012	凯恩股份	1.42	26.3871	
603385	惠达卫浴	1.42	22.5037	
000987	越秀金控	1.42	28.3419	
300328	宜安科技	1.42	27.241999999999997	
000980	众泰汽车	1.42	18.2088	
000709	河钢股份	1.42	10.2675	
300627	华测导航	1.42	54.0161	
000766	通化金马	1.42	71.4872	
002398	建研集团	1.42	24.8547	
002421	达实智能	1.41	27.3231	
300309	吉艾科技	1.41	28.8155	
000825	太钢不锈	1.41	9.6952	
300337	银邦股份	1.41	12.2018	
600168	武汉控股	1.41	26.8239	
002835	同为股份	1.41	33.9525	
600221	海航控股	1.41	17.5802	
002009	天奇股份	1.41	29.9375	
300555	路通视信	1.41	26.3953	
300388	国祯环保	1.4	31.3778	
002855	捷荣技术	1.4	17.0	
002537	海联金汇	1.4	31.2572	
603979	金诚信	1.4	26.8441	
002103	广博股份	1.4	19.6421	
300382	斯莱克	1.4	57.3393	
600979	广安爱众	1.4	27.1518	
600576	祥源文化	1.4	37.7792	
603696	安记食品	1.4	35.0809	
002812	创新股份	1.4	23.443	
600771	广誉远	1.39	78.9339	
600894	广日股份	1.39	20.0025	
300383	光环新网	1.39	21.4186	
601228	广州港	1.39	25.3842	
002732	燕塘乳业	1.39	32.6444	
600889	南京化纤	1.39	16.9924	
600965	福成股份	1.39	35.0902	
002612	朗姿股份	1.39	54.1541	
601567	三星医疗	1.39	30.8116	
002094	青岛金王	1.39	16.0492	
300417	南华仪器	1.39	44.1225	
000966	长源电力	1.39	10.0856	
603505	金石资源	1.39	30.9815	
300538	同益股份	1.39	11.7071	
600037	歌华有线	1.38	31.6857	
000910	大亚圣象	1.38	35.5014	
300500	启迪设计	1.38	36.059	
600861	北京城乡	1.38	29.8977	
600126	杭钢股份	1.38	7.5249	
603005	晶方科技	1.38	40.7357	
600909	华安证券	1.37	48.8517	
002084	海鸥住工	1.37	20.2311	
002501	利源精制	1.37	32.4397	
002254	泰和新材	1.37	18.0834	
300079	数码科技	1.37	54.011	
600765	中航重机	1.37	27.0508	
600562	国睿科技	1.37	30.2273	
603988	中电电机	1.36	30.691	
002216	三全食品	1.36	34.4724	
601113	华鼎股份	1.36	17.2896	
002325	洪涛股份	1.36	23.0069	
002783	凯龙股份	1.36	34.4075	
000908	景峰医药	1.36	75.3207	
600738	兰州民百	1.36	21.3243	
600106	重庆路桥	1.35	89.3042	
603269	海鸥股份	1.35	30.633000000000003	
600356	恒丰纸业	1.35	28.2395	
002632	道明光学	1.35	35.205999999999996	
300220	金运激光	1.35	29.3837	
002045	国光电器	1.35	17.2847	
300532	今天国际	1.34	46.1756	
600382	广东明珠	1.34	80.7507	
000719	中原传媒	1.34	30.4838	
300269	联建光电	1.34	33.0784	
300621	维业股份	1.34	12.6282	
300521	爱司凯	1.33	50.9824	
000088	盐田港	1.33	47.2227	
002029	七匹狼	1.33	34.1782	
002393	力生制药	1.33	57.9855	
601898	中煤能源	1.33	40.5077	
002811	亚泰国际	1.33	18.332	
000716	黑芝麻	1.33	27.4068	
600587	新华医疗	1.33	19.9823	
002779	中坚科技	1.33	22.1376	
300670	大烨智能	1.33	25.6009	
002211	宏达新材	1.33	13.4674	
300691	联合光电	1.33	21.835	
601020	华钰矿业	1.33	73.7046	
600599	熊猫金控	1.33	78.0531	
300148	天舟文化	1.33	72.5328	
002066	瑞泰科技	1.33	27.234	
603698	航天工程	1.33	35.7636	
002778	高科石化	1.33	14.5284	
603789	星光农机	1.33	20.8122	
000089	深圳机场	1.33	27.644000000000002	
000863	三湘印象	1.32	41.9319	
002721	金一文化	1.32	11.4106	
002392	北京利尔	1.32	38.8857	
002792	通宇通讯	1.32	32.0173	
603031	安德利	1.32	19.1234	
300007	汉威科技	1.32	32.7934	
600996	贵广网络	1.32	33.5058	
002435	长江润发	1.32	33.0469	
300006	莱美药业	1.32	39.3651	
300063	天龙集团	1.32	9.2587	
000990	诚志股份	1.32	32.3167	
002363	隆基机械	1.32	16.2677	
300572	安车检测	1.31	48.835	
002607	亚夏汽车	1.31	7.4094	
600284	浦东建设	1.31	11.5881	
000938	紫光股份	1.31	23.6013	
002135	东南网架	1.31	10.0632	
300289	利德曼	1.31	54.6755	
603991	至正股份	1.31	27.4956	
002303	美盈森	1.31	30.6179	
300182	捷成股份	1.3	43.7935	
000731	四川美丰	1.3	19.5432	
600460	士兰微	1.3	26.8916	
300222	科大智能	1.3	38.1916	
300306	远方信息	1.3	62.6437	
300069	金利华电	1.3	38.4749	
603626	科森科技	1.3	28.6045	
600748	上实发展	1.3	53.8669	
002364	中恒电气	1.3	38.7606	
601038	一拖股份	1.3	16.3323	
600322	天房发展	1.29	20.3144	
000667	美好置业	1.29	38.9375	
000029	深深房A	1.29	25.6627	
300389	艾比森	1.29	36.6657	
600143	金发科技	1.29	13.0746	
600208	新湖中宝	1.29	16.6175	
600379	宝光股份	1.29	23.1689	
603028	赛福天	1.29	20.993000000000002	
000715	中兴商业	1.29	20.3698	
603633	徕木股份	1.29	33.8533	
603861	白云电器	1.29	29.0333	
603618	杭电股份	1.28	16.4442	
002497	雅化集团	1.28	31.8482	
600178	东安动力	1.28	9.9058	
600831	广电网络	1.28	33.9628	
002564	天沃科技	1.28	7.2265	
000415	渤海金控	1.28	28.7811	
603123	翠微股份	1.27	19.3676	
000818	航锦科技	1.27	18.1642	
600571	信雅达	1.27	55.4052	
300265	通光线缆	1.27	20.4403	
603936	博敏电子	1.27	15.8775	
000949	新乡化纤	1.27	14.8576	
002715	登云股份	1.27	26.0605	
000732	泰禾集团	1.27	19.9448	
002295	精艺股份	1.27	4.697	
000587	金洲慈航	1.26	7.5987	
300235	方直科技	1.26	63.9707	
300287	飞利信	1.26	45.1671	
600122	宏图高科	1.26	8.7317	
601611	中国核建	1.26	8.395	
002079	苏州固锝	1.26	18.2048	
002849	威星智能	1.26	30.5222	
002568	百润股份	1.26	72.3469	
002616	长青集团	1.26	19.8751	
000681	视觉中国	1.25	64.5655	
002851	麦格米特	1.25	30.5789	
000807	云铝股份	1.25	12.4367	
002358	森源电气	1.25	28.2973	
300008	天海防务	1.25	22.676	
300040	九洲电气	1.25	21.1554	
002153	石基信息	1.24	45.3906	
300114	中航电测	1.24	33.0864	
002301	齐心集团	1.24	18.5995	
601996	丰林集团	1.24	19.4739	
600565	迪马股份	1.24	19.1161	
600630	龙头股份	1.24	30.8037	
002158	汉钟精机	1.24	34.0913	
600516	方大炭素	1.24	33.2765	
603100	川仪股份	1.23	31.193	
600858	银座股份	1.23	17.1235	
600101	明星电力	1.23	12.8762	
002541	鸿路钢构	1.23	12.4791	
300329	海伦钢琴	1.23	26.7546	
000420	吉林化纤	1.23	11.5434	
002657	中科金财	1.23	37.6712	
002344	海宁皮城	1.23	53.4681	
600774	汉商集团	1.23	31.3749	
002668	奥马电器	1.23	28.3142	
300166	东方国信	1.22	50.4981	
603688	石英股份	1.22	36.8658	
002808	苏州恒久	1.22	24.8543	
000686	东北证券	1.22	23.1875	
600367	红星发展	1.22	26.2336	
603855	华荣股份	1.22	55.9876	
601788	光大证券	1.22	31.6875	
300166	东方国信	1.22	50.4981	
603688	石英股份	1.22	36.8658	
000796	凯撒旅游	1.22	16.9922	
002361	神剑股份	1.22	17.9656	
601788	光大证券	1.22	31.6875	
300192	科斯伍德	1.21	22.5519	
002627	宜昌交运	1.21	12.1306	
300505	川金诺	1.21	27.4846	
600370	三房巷	1.21	13.017999999999999	
002144	宏达高科	1.21	34.7208	
300225	金力泰	1.21	24.6555	
600278	东方创业	1.2	5.7717	
002165	红宝丽	1.2	14.8835	
600543	莫高股份	1.2	59.0684	
002703	浙江世宝	1.2	21.118000000000002	
002176	江特电机	1.2	26.2034	
603538	美诺华	1.2	35.4634	
000566	海南海药	1.2	53.3887	
002417	深南股份	1.2	24.9619	
000878	云南铜业	1.2	4.159	
603377	东方时尚	1.2	49.0177	
000528	柳工	1.2	23.4453	
600302	标准股份	1.2	19.6377	
600743	华远地产	1.19	26.9063	
603030	全筑股份	1.19	12.4817	
000778	新兴铸管	1.19	6.6067	
300410	正业科技	1.19	37.4323	
601886	江河集团	1.19	14.1985	
002634	棒杰股份	1.19	30.1088	
603628	清源股份	1.19	27.3378	
603268	松发股份	1.19	32.777	
000521	长虹美菱	1.18	19.9646	
002509	天广中茂	1.18	31.5601	
300190	维尔利	1.18	28.0566	
600517	置信电气	1.18	11.8831	
300528	幸福蓝海	1.18	46.9996	
600466	蓝光发展	1.17	25.8681	
300453	三鑫医疗	1.17	30.0761	
600272	开开实业	1.17	22.384	
000616	海航投资	1.17	47.2083	
000631	顺发恒业	1.17	24.8723	
600118	中国卫星	1.17	13.2966	
002686	亿利达	1.17	32.3756	
000547	航天发展	1.17	42.5504	
600619	海立股份	1.16	12.9199	
300490	华自科技	1.16	39.7916	
002799	环球印务	1.16	21.4323	
002667	鞍重股份	1.16	50.8483	
300262	巴安水务	1.16	37.9744	
002542	中化岩土	1.16	28.1625	
002594	比亚迪	1.16	21.0034	
600586	金晶科技	1.16	26.4959	
600353	旭光股份	1.15	17.4701	
300226	上海钢联	1.15	0.6523	
000728	国元证券	1.15	39.544000000000004	
603012	创力集团	1.14	39.8265	
002218	拓日新能	1.14	27.8052	
300227	光韵达	1.14	41.9102	
600362	江西铜业	1.14	4.1126	
603222	济民制药	1.14	42.6269	
603012	创力集团	1.14	39.8265	
300227	光韵达	1.14	41.9102	
600362	江西铜业	1.14	4.1126	
603222	济民制药	1.14	42.6269	
300165	天瑞仪器	1.14	54.3646	
002280	联络互动	1.13	54.5646	
002308	威创股份	1.13	56.4213	
600246	万通地产	1.13	50.3459	
600333	长春燃气	1.13	38.9922	
300397	天和防务	1.13	35.7406	
002430	杭氧股份	1.13	17.4717	
600054	黄山旅游	1.13	45.7035	
000407	胜利股份	1.13	16.0361	
601901	方正证券	1.12	41.3632	
002500	山西证券	1.12	26.1096	
300633	开立医疗	1.12	68.9686	
603308	应流股份	1.12	35.1131	
000971	高升控股	1.12	35.7153	
002822	中装建设	1.12	16.0586	
603017	中衡设计	1.12	23.8152	
002675	东诚药业	1.12	51.3343	
600312	平高电气	1.12	22.699	
603833	欧派家居	1.12	31.0023	
300058	蓝色光标	1.11	21.486	
601117	中国化学	1.11	13.1512	
300020	银江股份	1.11	26.1701	
002521	齐峰新材	1.11	16.1727	
300068	南都电源	1.1	14.263	
300475	聚隆科技	1.1	28.8184	
002767	先锋电子	1.1	33.436	
600502	安徽水利	1.1	10.9977	
603577	汇金通	1.1	22.5217	
600673	东阳光科	1.1	14.3365	
002362	汉王科技	1.1	46.7277	
002666	德联集团	1.1	25.2605	
000620	新华联	1.1	26.1814	
002425	凯撒文化	1.1	64.7079	
002132	恒星科技	1.1	17.8161	
002481	双塔食品	1.1	17.2417	
600640	号百控股	1.09	22.4857	
000035	中国天楹	1.09	41.9017	
002600	领益智造	1.09	10.1276	
002559	亚威股份	1.09	23.4829	
300053	欧比特	1.09	43.4144	
000961	中南建设	1.09	18.4971	
300118	东方日升	1.09	18.9278	
300589	江龙船艇	1.09	22.4927	
002741	光华科技	1.09	21.3888	
300172	中电环保	1.08	25.403000000000002	
600756	浪潮软件	1.08	41.7957	
000544	中原环保	1.08	32.2584	
300158	振东制药	1.08	41.5754	
002256	兆新股份	1.08	36.6449	
600985	雷鸣科化	1.07	35.2402	
601015	陕西黑猫	1.07	8.0365	
300603	立昂技术	1.07	13.1373	
603238	诺邦股份	1.07	18.8932	
300534	陇神戎发	1.07	30.0735	
002433	太安堂	1.07	25.68	
002538	司尔特	1.06	22.5928	
300419	浩丰科技	1.06	32.791	
002360	同德化工	1.06	41.1934	
300228	富瑞特装	1.06	28.4425	
600006	东风汽车	1.06	11.5625	
600568	中珠医疗	1.06	41.781000000000006	
601727	上海电气	1.06	23.5037	
300187	永清环保	1.06	20.693	
600008	首创股份	1.05	33.7471	
300253	卫宁健康	1.05	42.6745	
600386	北巴传媒	1.05	18.0355	
000722	湖南发展	1.05	53.213	
603126	中材节能	1.05	20.8705	
002708	光洋股份	1.05	26.7057	
002121	科陆电子	1.05	37.272	
002654	万润科技	1.04	21.0682	
002566	益盛药业	1.04	76.5429	
300451	创业软件	1.04	45.2271	
300545	联得装备	1.04	30.581999999999997	
002692	睿康股份	1.04	14.9975	
300212	易华录	1.04	27.6046	
300565	科信技术	1.04	33.3016	
002346	柘中股份	1.04	33.1405	
300195	长荣股份	1.04	29.3855	
000890	法尔胜	1.04	9.6973	
300626	华瑞股份	1.03	22.7552	
300024	机器人	1.03	32.6665	
600017	日照港	1.03	24.0716	
002644	佛慈制药	1.03	30.3606	
002544	杰赛科技	1.03	19.4062	
300339	润和软件	1.03	36.6478	
600888	新疆众和	1.03	14.9989	
600119	长江投资	1.03	7.2933	
000551	创元科技	1.02	25.7696	
300184	力源信息	1.02	9.7315	
300414	中光防雷	1.02	26.2147	
002375	亚厦股份	1.02	15.4752	
002519	银河电子	1.02	29.0442	
002522	浙江众成	1.02	33.4791	
600038	中直股份	1.02	12.7824	
601882	海天精工	1.01	25.2546	
601600	中国铝业	1.01	7.7184	
002533	金杯电工	1.01	15.3534	
002311	海大集团	1.01	9.9353	
000530	大冷股份	1.01	15.1693	
601969	海南矿业	1.01	33.439	
002177	御银股份	1.01	31.048000000000002	
002290	中科新材	1.01	19.062	
000973	佛塑科技	1.0	22.1303	
002088	鲁阳节能	1.0	29.491999999999997	
601929	吉视传媒	1.0	42.8851	
002140	东华科技	1.0	18.6154	
000056	皇庭国际	1.0	80.539	
300094	国联水产	1.0	12.2626	
002137	麦达数字	1.0	22.671999999999997	
300259	新天科技	1.0	44.3448	
002510	天汽模	1.0	22.6714	
603959	百利科技	1.0	28.3445	
600505	西昌电力	0.99	22.633000000000003	
002826	易明医药	0.99	71.6979	
600064	南京高科	0.99	41.5186	
002230	科大讯飞	0.99	48.6798	
600331	宏达股份	0.99	28.6857	
300291	华录百纳	0.99	11.8323	
600505	西昌电力	0.99	22.633000000000003	
601333	广深铁路	0.99	10.3503	
300180	华峰超纤	0.99	22.7187	
601992	金隅集团	0.98	26.4167	
002129	中环股份	0.98	16.3712	
600884	杉杉股份	0.98	26.9609	
000571	新大洲A	0.98	1.7623	
002733	雄韬股份	0.98	15.4442	
002492	恒基达鑫	0.98	41.47	
002853	皮阿诺	0.98	33.4405	
300366	创意信息	0.98	37.3052	
300411	金盾股份	0.98	36.9784	
600648	外高桥	0.97	23.171	
601360	三六零	0.97	29.3367	
601766	中国中车	0.97	22.0793	
002806	华锋股份	0.97	17.583	
002484	江海股份	0.97	23.3294	
300035	中科电气	0.97	44.4	
000425	徐工机械	0.97	17.7444	
600589	广东榕泰	0.96	26.4154	
300243	瑞丰高材	0.96	18.2188	
300619	金银河	0.96	29.0779	
600339	中油工程	0.96	12.5473	
002577	雷柏科技	0.96	27.5991	
002106	莱宝高科	0.95	14.9809	
601002	晋亿实业	0.95	26.3067	
002017	东信和平	0.95	29.0358	
002729	好利来	0.95	41.1136	
600801	华新水泥	0.94	21.4736	
600039	四川路桥	0.94	11.4418	
600510	黑牡丹	0.94	14.1323	
300082	奥克股份	0.94	9.0808	
600967	内蒙一机	0.94	14.6269	
603727	博迈科	0.94	22.8829	
002292	奥飞娱乐	0.94	46.8855	
002118	紫鑫药业	0.93	75.7449	
600052	浙江广厦	0.93	52.0376	
601375	中原证券	0.93	35.7994	
601369	陕鼓动力	0.93	22.070999999999998	
300546	雄帝科技	0.93	55.6619	
600287	江苏舜天	0.92	8.381	
300311	任子行	0.92	39.5171	
002286	保龄宝	0.92	14.1952	
002318	久立特材	0.92	22.8449	
002505	大康农业	0.92	3.6862	
002196	方正电机	0.92	22.0734	
603022	新通联	0.92	20.6723	
002175	东方网络	0.92	43.4533	
600468	百利电气	0.92	27.9177	
002565	顺灏股份	0.92	30.4846	
300120	经纬辉开	0.92	13.9846	
002331	皖通科技	0.91	18.8549	
603002	宏昌电子	0.91	11.7406	
002482	广田集团	0.91	12.6015	
000917	电广传媒	0.91	27.791999999999998	
600605	汇通能源	0.91	4.0949	
002156	通富微电	0.91	13.7014	
600527	江南高纤	0.91	16.2992	
002269	美邦服饰	0.91	49.9329	
002356	赫美集团	0.91	28.6797	
000599	青岛双星	0.91	16.1157	
300333	兆日科技	0.91	63.8766	
300104	乐视网	0.91	27.1733	
002331	皖通科技	0.91	18.8549	
300351	永贵电器	0.9	36.533	
300013	新宁物流	0.9	39.2407	
300137	先河环保	0.9	47.1311	
603606	东方电缆	0.9	13.5365	
002040	南京港	0.9	46.7242	
600848	上海临港	0.9	44.0874	
600613	神奇制药	0.9	54.3025	
002637	赞宇科技	0.9	12.2897	
002699	美盛文化	0.89	37.2887	
002438	江苏神通	0.89	33.077	
300593	新雷能	0.89	48.4535	
000016	深康佳A	0.89	14.1512	
000875	吉电股份	0.89	20.5235	
600219	南山铝业	0.89	20.2653	
300629	新劲刚	0.89	30.8612	
000687	华讯方舟	0.89	36.1118	
002202	金风科技	0.89	32.9715	
600482	中国动力	0.88	16.5399	
600111	北方稀土	0.88	16.8032	
601258	庞大集团	0.88	10.235	
002725	跃岭股份	0.88	18.7985	
300440	运达科技	0.88	48.2607	
600011	华能国际	0.88	12.3047	
002255	海陆重工	0.88	26.9511	
000155	川化股份	0.88	1.9351	
002687	乔治白	0.87	47.9103	
300331	苏大维格	0.87	29.5881	
002587	奥拓电子	0.87	38.4625	
300464	星徽精密	0.87	23.4985	
002445	中南文化	0.87	42.6077	
300412	迦南科技	0.87	46.001999999999995	
300420	五洋停车	0.87	35.5782	
300193	佳士科技	0.87	35.2804	
603117	万林股份	0.87	57.3693	
600865	百大集团	0.87	25.863000000000003	
002300	太阳电缆	0.87	8.192	
002335	科华恒盛	0.87	36.9289	
601880	大连港	0.87	12.5275	
300426	唐德影视	0.87	52.4289	
603038	华立股份	0.86	28.3938	
603999	读者传媒	0.86	34.7184	
600223	鲁商置业	0.86	18.3565	
002011	盾安环境	0.86	17.3976	
002775	文科园林	0.86	16.2377	
600560	金自天正	0.86	20.706	
300462	华铭智能	0.86	23.6046	
600721	百花村	0.85	23.2194	
000630	铜陵有色	0.85	4.2535	
600798	宁波海运	0.85	22.8686	
600798	宁波海运	0.85	22.8686	
300281	金明精机	0.85	31.2684	
002520	日发精机	0.85	27.9449	
600624	复旦复华	0.85	37.5633	
603888	新华网	0.85	50.638000000000005	
300095	华伍股份	0.85	33.7749	
002483	润邦股份	0.85	28.3099	
002220	天宝食品	0.84	18.3664	
002265	西仪股份	0.84	19.3838	
300238	冠昊生物	0.84	71.3534	
300305	裕兴股份	0.84	15.3527	
000856	冀东装备	0.84	9.2042	
000913	钱江摩托	0.84	20.090999999999998	
600200	江苏吴中	0.84	12.6177	
300245	天玑科技	0.84	37.7644	
300365	恒华科技	0.84	31.8448	
300282	三盛教育	0.83	20.9629	
600973	宝胜股份	0.83	7.1735	
300064	豫金刚石	0.83	27.2549	
000705	浙江震元	0.83	12.9697	
300300	汉鼎宇佑	0.83	28.3627	
600841	上柴股份	0.83	14.2445	
600731	湖南海利	0.83	24.2102	
600879	航天电子	0.82	17.6381	
600679	上海凤凰	0.82	16.3301	
600939	重庆建工	0.82	5.0806	
002740	爱迪尔	0.82	9.6275	
601777	力帆股份	0.82	12.169	
300536	农尚环境	0.82	24.32	
000839	中信国安	0.82	19.2811	
002246	北化股份	0.82	22.0548	
300390	天华超净	0.82	19.7868	
300582	英飞特	0.82	32.6651	
600558	大西洋	0.82	17.996	
600584	长电科技	0.82	9.8121	
300086	康芝药业	0.82	37.863	
600638	新黄浦	0.82	11.1928	
002418	康盛股份	0.82	14.3371	
002513	蓝丰生化	0.81	27.0367	
000905	厦门港务	0.81	3.8929	
300153	科泰电源	0.81	25.4626	
300202	聚龙股份	0.81	35.8889	
000701	厦门信达	0.81	3.2488	
300510	金冠电气	0.81	36.7889	
000153	丰原药业	0.81	26.6201	
000996	中国中期	0.81	11.024000000000001	
002390	信邦制药	0.81	18.2898	
300517	海波重科	0.81	20.6492	
002530	金财互联	0.8	49.4847	
002698	博实股份	0.8	36.43	
300605	恒锋信息	0.8	30.7408	
000679	大连友谊	0.8	17.4668	
000657	中钨高新	0.8	19.6227	
600171	上海贝岭	0.8	28.6184	
000888	峨眉山A	0.79	31.9172	
002797	第一创业	0.79	21.9213	
603800	道森股份	0.79	17.4983	
002547	春兴精工	0.79	18.0793	
300045	华力创通	0.79	52.0017	
000627	天茂集团	0.79	17.9288	
002235	安妮股份	0.78	29.9449	
002645	华宏科技	0.78	16.641	
002328	新朋股份	0.78	15.1917	
002724	海洋王	0.78	70.97	
002095	生意宝	0.78	36.0778	
002198	嘉应制药	0.78	69.4883	
300075	数字政通	0.78	44.3874	
600248	延长化建	0.78	9.397	
300239	东宝生物	0.78	20.8101	
600830	香溢融通	0.78	14.6084	
603085	天成自控	0.78	31.8284	
002527	新时达	0.78	23.1403	
300181	佐力药业	0.78	55.4994	
300254	仟源医药	0.78	63.8916	
300059	东方财富	0.77	57.4585	
002384	东山精密	0.77	12.9419	
000595	宝塔实业	0.77	13.87	
002087	新野纺织	0.77	15.7321	
002123	梦网集团	0.77	27.6578	
600864	哈投股份	0.77	21.1509	
000498	山东路桥	0.77	10.852	
603032	德新交运	0.77	36.5887	
600980	北矿科技	0.76	28.7771	
300319	麦捷科技	0.76	14.914000000000001	
300162	雷曼股份	0.76	31.5542	
000656	金科股份	0.76	13.7463	
002786	银宝山新	0.76	15.1416	
002474	榕基软件	0.76	33.9608	
300117	嘉寓股份	0.76	19.4353	
002746	仙坛股份	0.76	4.7083	
002405	四维图新	0.76	79.5092	
002413	雷科防务	0.76	54.93600000000001	
000795	英洛华	0.75	23.203000000000003	
600512	腾达建设	0.75	11.6257	
600137	浪莎股份	0.75	23.3628	
300437	清水源	0.75	32.2903	
300283	温州宏丰	0.75	15.9707	
002076	雪莱特	0.75	28.3707	
600400	红豆股份	0.74	29.0764	
603977	国泰集团	0.74	40.2568	
002614	奥佳华	0.74	36.1414	
002060	粤水电	0.74	10.6742	
000738	航发控制	0.73	25.0141	
300018	中元股份	0.73	58.5114	
603778	乾景园林	0.73	26.4399	
600063	皖维高新	0.73	18.979	
000881	中广核技	0.73	17.1328	
000009	中国宝安	0.73	33.186	
002332	仙琚制药	0.72	50.0333	
600279	重庆港九	0.72	8.7537	
603021	山东华鹏	0.72	26.6648	
000812	陕西金叶	0.72	26.1284	
600103	青山纸业	0.72	21.7128	
603330	上海天洋	0.72	27.4391	
300581	晨曦航空	0.72	49.9697	
300077	国民技术	0.72	26.2949	
002348	高乐股份	0.71	24.9493	
600667	太极实业	0.71	14.9482	
600021	上海电力	0.71	13.9346	
603050	科林电气	0.71	31.8596	
002348	高乐股份	0.71	24.9493	
600667	太极实业	0.71	14.9482	
600021	上海电力	0.71	13.9346	
300057	万顺股份	0.7	14.2069	
002133	广宇集团	0.7	18.7589	
300247	乐金健康	0.7	30.3156	
300085	银之杰	0.7	36.4142	
002341	新纶科技	0.7	31.4462	
600664	哈药股份	0.7	23.2459	
000670	盈方微	0.7	43.0624	
000821	京山轻机	0.7	25.3635	
000032	深桑达A	0.7	19.4919	
300423	鲁亿通	0.7	28.7474	
002368	太极股份	0.7	14.8514	
601717	郑煤机	0.7	20.2559	
600724	宁波富达	0.7	28.7165	
600789	鲁抗医药	0.7	24.7918	
603822	嘉澳环保	0.7	14.0776	
002523	天桥起重	0.7	25.0669	
000558	莱茵体育	0.69	6.1046	
002478	常宝股份	0.69	12.9886	
300214	日科化学	0.69	11.8	
002546	新联电子	0.69	39.1345	
000400	许继电气	0.69	20.6354	
000416	民生控股	0.69	100.0	
600190	锦州港	0.69	16.711	
002451	摩恩电气	0.69	23.5064	
002499	科林环保	0.69	13.4067	
002089	新海宜	0.68	22.0534	
300456	耐威科技	0.68	29.4117	
002036	联创电子	0.68	10.3087	
002160	常铝股份	0.68	16.6105	
002574	明牌珠宝	0.68	9.3575	
300321	同大股份	0.68	17.4158	
000612	焦作万方	0.68	4.4279	
300374	恒通科技	0.68	12.8301	
300386	飞天诚信	0.68	38.4257	
002173	创新医疗	0.67	35.2528	
600392	盛和资源	0.67	13.317	
002010	传化智联	0.67	21.0443	
002098	浔兴股份	0.67	27.6719	
600796	钱江生化	0.67	20.9398	
600580	卧龙电气	0.66	22.5202	
000572	海马汽车	0.66	14.1755	
000677	恒天海龙	0.66	13.6934	
603033	三维股份	0.66	19.3418	
002266	浙富控股	0.66	23.4744	
002288	超华科技	0.66	15.3074	
601218	吉鑫科技	0.66	23.0116	
300103	达刚路机	0.66	26.1107	
601007	金陵饭店	0.65	58.2504	
600212	江泉实业	0.65	29.1954	
000591	太阳能	0.65	49.3678	
300325	德威新材	0.65	14.7392	
600489	中金黄金	0.65	11.0183	
600652	游久游戏	0.65	69.0212	
300147	香雪制药	0.65	29.3046	
002761	多喜爱	0.65	39.1609	
002102	冠福股份	0.65	6.1279	
600203	福日电子	0.64	5.0748	
300472	新元科技	0.64	35.455999999999996	
603019	中科曙光	0.64	22.3829	
600740	山西焦化	0.63	11.1539	
600433	冠豪高新	0.63	18.0032	
600526	菲达环保	0.63	19.9285	
600590	泰豪科技	0.63	22.4702	
600826	兰生股份	0.63	7.0208	
300217	东方电热	0.62	17.3682	
002529	海源机械	0.62	33.8335	
600078	澄星股份	0.62	18.2434	
300030	阳普医疗	0.62	47.3165	
002291	星期六	0.62	55.5835	
600776	东方通信	0.62	17.5273	
300338	开元股份	0.62	71.1048	
601890	亚星锚链	0.61	32.5632	
600360	华微电子	0.61	21.885	
002243	通产丽星	0.61	20.7317	
000002	万科A	0.61	29.8041	
603036	如通股份	0.6	36.6395	
000981	银亿股份	0.6	25.3514	
600525	长园集团	0.6	45.1971	
000636	风华高科	0.6	21.9785	
603860	中公高科	0.6	57.7916	
000788	北大医药	0.6	21.0602	
000901	航天科技	0.6	20.6151	
002329	皇氏集团	0.6	30.612	
300205	天喻信息	0.59	22.4162	
002549	凯美特气	0.59	42.9209	
002471	中超控股	0.59	14.8306	
002676	顺威股份	0.59	21.1004	
002585	双星新材	0.58	16.9572	
300391	康跃科技	0.58	34.1173	
300135	宝利国际	0.58	4.0387	
600662	强生控股	0.58	14.7325	
300200	高盟新材	0.58	19.5862	
002154	报喜鸟	0.58	61.6902	
600493	凤竹纺织	0.58	12.4963	
300413	快乐购	0.58	22.3999	
002330	得利斯	0.58	13.690999999999999	
002342	巨力索具	0.58	19.1756	
300141	和顺电气	0.58	22.4898	
002381	双箭股份	0.58	20.4357	
600691	阳煤化工	0.58	11.2151	
601858	中国科传	0.58	30.4074	
600540	新赛股份	0.58	6.7523	
002630	华西能源	0.58	18.12	
600546	山煤国际	0.57	7.4753	
002730	电光科技	0.57	31.9544	
300343	联创互联	0.57	17.2023	
002249	大洋电机	0.57	19.2682	
300377	赢时胜	0.57	78.3911	
300381	溢多利	0.57	37.1159	
300049	福瑞股份	0.57	73.777	
600463	空港股份	0.57	21.331999999999997	
600496	精工钢构	0.57	12.0831	
000507	珠海港	0.57	23.9637	
000673	当代东方	0.56	39.6978	
600235	民丰特纸	0.56	16.0292	
300280	紫天科技	0.56	23.9582	
300280	紫天科技	0.56	23.9582	
002315	焦点科技	0.56	60.5019	
600235	民丰特纸	0.56	16.0292	
000859	国风塑业	0.56	12.3524	
000514	渝开发	0.55	32.3184	
300471	厚普股份	0.55	39.2631	
000718	苏宁环球	0.55	32.6445	
002113	天润数娱	0.55	93.6141	
600621	华鑫股份	0.54	34.9869	
300293	蓝英装备	0.54	31.7787	
002580	圣阳股份	0.54	16.5834	
000603	盛达矿业	0.54	82.6335	
601999	出版传媒	0.54	19.7304	
002848	高斯贝尔	0.54	20.5495	
002495	佳隆股份	0.54	44.3105	
600080	金花股份	0.54	64.906	
002298	中电兴发	0.54	30.1206	
600277	亿利洁能	0.54	12.6445	
600141	兴发集团	0.53	13.634	
002016	世荣兆业	0.53	46.4926	
002785	万里石	0.53	22.6239	
002469	三维工程	0.53	50.6187	
300107	建新股份	0.53	18.9519	
002082	万邦德	0.53	1.22	
300489	中飞股份	0.53	41.4777	
300203	聚光科技	0.53	49.7645	
600773	西藏城投	0.53	27.9338	
000790	泰合健康	0.52	48.8485	
002296	辉煌科技	0.52	52.387	
600266	北京城建	0.52	21.6743	
600378	天科股份	0.52	23.5955	
300665	飞鹿股份	0.52	32.9371	
300139	晓程科技	0.52	57.1566	
603011	合锻智能	0.52	28.1761	
603318	派思股份	0.51	35.639	
002622	融钰集团	0.51	55.7753	
000680	山推股份	0.51	14.9594	
000027	深圳能源	0.51	21.8352	
300019	硅宝科技	0.51	23.9089	
600698	湖南天雁	0.51	19.0678	
300257	开山股份	0.51	26.6495	
002723	金莱特	0.51	8.0623	
600359	新农开发	0.51	6.1698	
002130	沃尔核材	0.51	27.3328	
600552	凯盛科技	0.51	14.9328	
002282	博深工具	0.51	32.4791	
600258	首旅酒店	0.51	94.8973	
600376	首开股份	0.51	30.7007	
300322	硕贝德	0.5	23.7296	
000532	华金资本	0.5	37.7943	
002189	利达光电	0.5	10.6751	
002334	英威腾	0.5	36.8901	
002829	星网宇达	0.5	44.5613	
002682	龙洲股份	0.49	15.5199	
600257	大湖股份	0.49	22.4095	
600708	光明地产	0.49	13.7546	
000909	数源科技	0.49	11.9527	
000025	特力A	0.49	24.9537	
601011	宝泰隆	0.49	23.1703	
000975	银泰资源	0.49	60.0441	
002125	湘潭电化	0.49	25.2362	
601989	中国重工	0.48	10.6949	
300588	熙菱信息	0.48	20.199	
300276	三丰智能	0.48	22.1876	
300151	昌红科技	0.48	24.1845	
600727	鲁北化工	0.48	20.5827	
000682	东方电子	0.48	31.874000000000002	
000099	中信海直	0.48	15.2712	
000408	藏格控股	0.48	66.2187	
300598	诚迈科技	0.48	28.4927	
300036	超图软件	0.47	59.9314	
002618	丹邦科技	0.47	38.1272	
600592	龙溪股份	0.47	27.2009	
002674	兴业科技	0.47	9.4652	
601857	中国石油	0.47	20.6156	
000976	华铁股份	0.47	22.9233	
300099	精准信息	0.47	57.3976	
000564	供销大集	0.47	13.5235	
000573	粤宏远A	0.47	27.1141	
300260	新莱应材	0.47	26.2426	
300631	久吾高科	0.47	40.2689	
000753	漳州发展	0.46	16.9691	
002578	闽发铝业	0.46	10.042	
000752	西藏发展	0.46	25.6526	
300353	东土科技	0.46	53.3751	
600292	远达环保	0.46	21.0466	
002395	双象股份	0.46	10.969000000000001	
000597	东北制药	0.46	33.7527	
300048	合康新能	0.45	28.5036	
600166	福田汽车	0.45	13.9659	
300112	万讯自控	0.45	51.6094	
300466	赛摩电气	0.45	50.6317	
002209	达意隆	0.45	27.0084	
600892	大晟文化	0.45	93.1572	
600969	郴电国际	0.45	15.5106	
300062	中能电气	0.45	40.725	
600157	永泰能源	0.44	23.4574	
603366	日出东方	0.44	34.7522	
600783	鲁信创投	0.44	35.2782	
300010	立思辰	0.44	44.1412	
600051	宁波联合	0.44	18.5712	
002611	东方精工	0.44	28.9689	
002494	华斯股份	0.44	38.3255	
603878	武进不锈	0.44	14.7521	
300688	创业黑马	0.43	52.3498	
000042	中洲控股	0.43	23.3655	
600811	东方集团	0.43	1.2683	
002593	日上集团	0.43	15.4171	
300023	宝德股份	0.43	18.1254	
600320	振华重工	0.43	18.0393	
000819	岳阳兴长	0.43	6.5566	
300025	华星创业	0.43	30.5113	
600458	时代新材	0.42	16.906	
002609	捷顺科技	0.42	44.0265	
002003	伟星股份	0.42	38.0249	
600728	佳都科技	0.42	14.4668	
000536	华映科技	0.42	21.1187	
600255	梦舟股份	0.42	5.2929	
002579	中京电子	0.42	17.0529	
000831	五矿稀土	0.41	12.1302	
300089	文化长城	0.41	35.2433	
000729	燕京啤酒	0.41	32.6095	
600096	云天化	0.41	8.6014	
000523	广州浪奇	0.41	2.6037	
002685	华东重机	0.41	5.5093	
600010	包钢股份	0.41	9.3728	
600108	亚盛集团	0.41	29.6019	
603996	中新科技	0.41	7.6494	
000833	粤桂股份	0.41	16.6393	
300263	隆华节能	0.41	22.8138	
300290	荣科科技	0.4	30.5359	
002028	思源电气	0.4	35.1294	
000555	神州信息	0.4	19.8912	
600797	浙大网新	0.4	21.4859	
600488	天药股份	0.4	15.5266	
002299	圣农发展	0.4	6.6422	
300087	荃银高科	0.4	33.4282	
300478	杭州高新	0.4	22.6675	
002447	晨鑫科技	0.4	90.4074	
300355	蒙草生态	0.4	27.3816	
600791	京能置业	0.4	55.5937	
600191	华资实业	0.39	-1.4296	
002031	巨轮智能	0.39	43.9622	
600868	梅雁吉祥	0.39	43.788999999999994	
603003	龙宇燃油	0.39	0.4618	
000838	财信发展	0.39	40.7841	
600262	北方股份	0.39	20.4523	
300597	吉大通信	0.38	20.3251	
600882	广泽股份	0.38	23.2054	
002621	三垒股份	0.38	36.8461	
000560	我爱我家	0.38	29.8754	
000605	渤海股份	0.38	26.2163	
002584	西陇科学	0.38	13.4653	
000936	华西股份	0.38	9.079	
002169	智光电气	0.38	20.5275	
002164	宁波东力	0.37	23.4891	
600992	贵绳股份	0.37	14.1834	
600237	铜峰电子	0.37	13.4802	
600117	西宁特钢	0.37	24.2959	
300002	神州泰岳	0.37	43.0007	
002034	旺能环境	0.37	16.6237	
002253	川大智胜	0.37	32.7393	
300126	锐奇股份	0.37	16.9607	
300130	新国都	0.37	39.8349	
300189	神农基因	0.36	12.0929	
300213	佳讯飞鸿	0.36	36.7459	
002596	海南瑞泽	0.36	17.9055	
603388	元成股份	0.36	25.4583	
300215	电科院	0.36	43.226000000000006	
600777	新潮能源	0.36	49.0529	
600050	中国联通	0.35	24.9724	
300032	金龙机电	0.35	15.1054	
601001	大同煤业	0.35	58.8907	
002321	华英农业	0.35	10.8728	
600675	中华企业	0.35	21.6903	
002380	科远股份	0.35	39.8022	
603315	福鞍股份	0.35	23.7738	
002321	华英农业	0.35	10.8728	
600675	中华企业	0.35	21.6903	
002380	科远股份	0.35	39.8022	
601168	西部矿业	0.34	9.9717	
600435	北方导航	0.34	40.0021	
300052	中青宝	0.34	55.323	
600216	浙江医药	0.34	21.3032	
600232	金鹰股份	0.34	12.7814	
600467	好当家	0.33	30.2386	
600155	华创阳安	0.33	42.1507	
601599	鹿港文化	0.33	13.7712	
002069	獐子岛	0.33	17.2645	
600206	有研新材	0.33	5.4734	
002443	金洲管道	0.32	7.5991	
002114	罗平锌电	0.32	17.3901	
000628	高新发展	0.32	25.7754	
002623	亚玛顿	0.32	15.5283	
002683	宏大爆破	0.32	20.9639	
002073	软控股份	0.32	18.9761	
002798	帝欧家居	0.32	23.8688	
600375	华菱星马	0.32	14.2756	
603903	中持股份	0.32	26.4046	
300185	通裕重工	0.32	19.0091	
600365	通葡股份	0.32	12.5955	
600775	南京熊猫	0.32	12.7539	
600476	湘邮科技	0.32	20.7619	
000040	东旭蓝天	0.32	17.14	
600658	电子城	0.32	56.2568	
002063	远光软件	0.32	63.6598	
600787	中储股份	0.31	2.3689	
002560	通达股份	0.31	8.4728	
002037	久联发展	0.31	23.3874	
002751	易尚展示	0.31	30.1204	
000690	宝新能源	0.31	21.1395	
300460	惠伦晶体	0.31	12.3902	
300480	光力科技	0.31	48.4635	
000557	西部创业	0.31	33.2221	
600283	钱江水利	0.31	42.527	
600988	赤峰黄金	0.3	21.4875	
300559	佳发教育	0.3	43.1251	
600537	亿晶光电	0.3	16.472	
002655	共达电声	0.3	26.8055	
600665	天地源	0.3	9.058	
600175	美都能源	0.3	9.2708	
002670	国盛金控	0.3	14.0271	
300177	中海达	0.3	42.375	
600770	综艺股份	0.3	29.6455	
002147	新光圆成	0.3	45.3972	
002167	东方锆业	0.3	23.2512	
002545	东方铁塔	0.3	23.0246	
002353	杰瑞股份	0.29	21.8606	
300209	天泽信息	0.29	36.2564	
002023	海特高新	0.29	49.5269	
300256	星星科技	0.28	11.8182	
000829	天音控股	0.28	3.9538	
600615	丰华股份	0.28	21.4246	
600199	金种子酒	0.28	53.8442	
601155	新城控股	0.28	38.8681	
002105	信隆健康	0.28	12.5274	
300256	星星科技	0.28	11.8182	
000829	天音控股	0.28	3.9538	
600615	丰华股份	0.28	21.4246	
600199	金种子酒	0.28	53.8442	
601155	新城控股	0.28	38.8681	
600825	新华传媒	0.27	37.5956	
600962	国投中鲁	0.27	23.2454	
000955	欣龙控股	0.27	10.3989	
000836	鑫茂科技	0.27	10.8636	
002272	川润股份	0.27	21.3609	
603333	明星电缆	0.27	17.1185	
600256	广汇能源	0.27	29.4522	
002190	成飞集成	0.27	22.6068	
002279	久其软件	0.27	60.1143	
002628	成都路桥	0.27	12.1154	
002141	贤丰控股	0.26	11.8995	
002465	海格通信	0.26	39.2186	
000969	安泰科技	0.26	14.623	
300492	山鼎设计	0.26	34.2688	
300583	赛托生物	0.26	20.08	
002719	麦趣尔	0.26	42.2802	
002170	芭田股份	0.26	18.772000000000002	
600448	华纺股份	0.26	7.1779	
000793	华闻传媒	0.26	39.6821	
603869	新智认知	0.25	41.5818	
600839	四川长虹	0.25	13.4942	
600812	华北制药	0.25	20.7634	
600146	商赢环球	0.25	34.2393	
002625	光启技术	0.25	33.4825	
002487	大金重工	0.25	17.2154	
600131	岷江水电	0.24	1.3476	
000632	三木集团	0.24	15.1725	
600343	航天动力	0.24	11.7131	
000678	襄阳轴承	0.24	12.7312	
600851	海欣股份	0.24	26.2241	
002307	北新路桥	0.24	12.4927	
600759	洲际油气	0.23	53.4163	
000850	华茂股份	0.23	7.2096	
002641	永高股份	0.23	21.7342	
002054	德美化工	0.23	15.6553	
300527	中国应急	0.23	17.5404	
000789	万年青	0.23	15.1358	
600677	航天通信	0.23	9.0955	
002458	益生股份	0.22	13.4104	
603029	天鹅股份	0.22	32.4147	
002201	九鼎新材	0.22	25.0656	
300405	科隆股份	0.22	24.2235	
300550	和仁科技	0.22	49.8498	
000157	中联重科	0.22	26.6034	
000533	万家乐	0.22	34.8981	
300248	新开普	0.22	52.2685	
600876	洛阳玻璃	0.22	36.5409	
600098	广州发展	0.21	9.4064	
300346	南大光电	0.21	45.9038	
002199	东晶电子	0.21	13.3336	
600869	智慧能源	0.21	14.2708	
300362	天翔环境	0.21	44.5961	
002336	人人乐	0.21	22.1267	
300442	普丽盛	0.21	33.1044	
600098	广州发展	0.21	9.4064	
300346	南大光电	0.21	45.9038	
600406	国电南瑞	0.2	15.4688	
600165	新日恒力	0.2	30.1415	
300092	科新机电	0.2	17.3271	
600819	耀皮玻璃	0.2	19.1316	
603966	法兰泰克	0.2	25.6529	
300424	航新科技	0.2	39.4584	
600898	国美通讯	0.19	11.3165	
300168	万达信息	0.19	44.9242	
002459	天业通联	0.19	20.3816	
002347	泰尔股份	0.19	34.844	
002193	如意集团	0.19	17.5699	
601212	白银有色	0.19	8.0136	
600733	SST前锋	0.19	22.7776	
600391	航发科技	0.18	16.2125	
300011	鼎汉技术	0.18	36.4096	
000045	深纺织A	0.18	6.945	
000593	大通燃气	0.18	27.8409	
300223	北京君正	0.18	42.9532	
002197	证通电子	0.18	20.5647	
002599	盛通股份	0.18	18.5199	
000911	南宁糖业	0.18	15.0626	
600058	五矿发展	0.18	3.2678	
300379	东方通	0.17	80.8908	
601118	海南橡胶	0.17	4.5331	
300224	正海磁材	0.17	28.7352	
002214	大立科技	0.17	58.2122	
600129	太极集团	0.17	30.9686	
600685	中船防务	0.17	8.3287	
300188	美亚柏科	0.17	60.0328	
002378	章源钨业	0.17	11.1219	
000837	秦川机床	0.17	15.936	
002610	爱康科技	0.17	19.1231	
002663	普邦股份	0.16	17.6647	
000548	湖南投资	0.16	53.6428	
603588	高能环境	0.16	27.7625	
002052	同洲电子	0.16	24.9137	
603955	大千生态	0.15	23.0206	
000008	神州高铁	0.15	39.2168	
601008	连云港	0.15	33.5204	
300218	安利股份	0.15	20.701	
002461	珠江啤酒	0.15	37.2829	
300012	华测检测	0.15	46.3745	
600192	长城电工	0.15	24.9696	
002383	合众思壮	0.14	51.9544	
300128	锦富技术	0.13	10.3833	
600055	万东医疗	0.13	46.5803	
000020	深华发A	0.13	9.9988	
300090	盛运环保	0.13	44.1584	
603637	镇海股份	0.13	10.6271	
600369	西南证券	0.12	3.9596	
600805	悦达投资	0.12	19.3569	
000882	华联股份	0.12	35.0241	
002684	猛狮科技	0.12	25.7372	
600361	华联综超	0.12	21.009	
002232	启明信息	0.12	12.3087	
002684	猛狮科技	0.12	25.7372	
600805	悦达投资	0.12	19.3569	
002305	南国置业	0.11	16.5913	
002024	苏宁易购	0.11	16.0757	
000993	闽东电力	0.11	33.3453	
300201	海伦哲	0.11	23.313000000000002	
000802	北京文化	0.11	90.9022	
600099	林海股份	0.11	12.8218	
002791	坚朗五金	0.11	37.3801	
600428	中远海特	0.11	13.4825	
000061	农产品	0.1	34.0754	
000301	东方市场	0.1	27.6669	
600267	海正药业	0.1	27.4738	
300301	长方集团	0.1	20.3591	
002613	北玻股份	0.1	24.3649	
603616	韩建河山	0.1	26.5994	
300038	梅泰诺	0.1	20.7624	
600222	太龙药业	0.1	30.6611	
300318	博晖创新	0.09	52.7586	
300334	津膜科技	0.09	31.585	
000862	银星能源	0.09	34.0686	
002428	云南锗业	0.09	22.8483	
002086	东方海洋	0.09	19.3274	
000979	中弘股份	0.09	19.7217	
002691	冀凯股份	0.09	-31.063000000000002	
300173	智慧松德	0.08	32.2261	
600784	鲁银投资	0.08	11.5319	
600582	天地科技	0.08	33.7589	
002151	北斗星通	0.08	33.3213	
300332	天壕环境	0.08	17.5925	
300348	长亮科技	0.08	42.0212	
600259	广晟有色	0.08	4.1987	
600072	中船科技	0.08	11.404000000000002	
002642	荣之联	0.07	36.8969	
600595	中孚实业	0.07	9.2785	
603399	吉翔股份	0.07	9.4424	
000007	全新好	0.07	80.2736	
002013	中航机电	0.07	21.1653	
601106	中国一重	0.06	21.6147	
601616	广电电气	0.06	24.8069	
300047	天源迪科	0.06	20.6441	
600990	四创电子	0.06	15.3471	
300552	万集科技	0.06	41.8528	
600515	海航基础	0.06	35.9855	
600734	实达集团	0.06	7.4131	
002204	大连重工	0.05	19.3393	
300093	金刚玻璃	0.05	31.3917	
600220	江苏阳光	0.05	20.5822	
002371	北方华创	0.05	33.2951	
000801	四川九洲	0.05	14.2008	
002639	雪人股份	0.05	30.2834	
002659	凯文教育	0.05	10.6431	
002374	丽鹏股份	0.05	15.2389	
002738	中矿资源	0.05	28.6417	
002192	融捷股份	0.04	35.0354	
600184	光电股份	0.04	15.2849	
300080	易成新能	0.04	33.5285	
601028	玉龙股份	0.04	7.7241	
600579	天华院	0.03	31.7769	
601908	京运通	0.03	36.5301	
600429	三元股份	0.03	30.5345	
300352	北信源	0.03	91.9602	
002535	林州重机	0.03	22.8695	
600506	香梨股份	0.03	5.6423	
600290	华仪电气	0.03	30.9937	
002414	高德红外	0.03	61.0678	
601958	金钼股份	0.03	5.6399	
600027	华电国际	0.02	9.0527	
600169	太原重工	0.02	23.6369	
600792	云煤能源	0.02	7.1141	
300513	恒泰实达	0.02	15.5872	
600136	当代明诚	0.01	43.1388	
000554	泰山石油	0.01	8.1387	
300159	新研股份	0.01	31.9292	
600712	南宁百货	-0.01	15.665999999999999	
600501	航天晨光	-0.01	24.8401	
002586	围海股份	-0.03	9.9245	
601608	中信重工	-0.03	19.8695	
300425	环能科技	-0.04	42.3815	
603559	中通国脉	-0.05	13.4499	
600730	中国高科	-0.05	68.7438	
603729	龙韵股份	-0.05	9.6042	
002149	西部材料	-0.05	10.1693	
300197	铁汉生态	-0.08	23.5971	
002696	百洋股份	-0.08	9.4572	
000978	桂林旅游	-0.1	43.2315	
600215	长春经开	-0.11	17.5197	
002660	茂硕电源	-0.11	18.7553	
600751	海航科技	-0.12	6.4326	
600187	国中水务	-0.13	32.3715	
600077	宋都股份	-0.13	21.4452	
300163	先锋新材	-0.14	44.1942	
000851	高鸿股份	-0.14	6.0893	
000935	四川双马	-0.14	10.2504	
300157	恒泰艾普	-0.15	9.6387	
002399	海普瑞	-0.15	24.3857	
600847	万里股份	-0.16	12.0813	
300084	海默科技	-0.16	31.6956	
002633	申科股份	-0.18	27.0364	
002039	黔源电力	-0.18	51.3446	
600410	华胜天成	-0.18	13.8016	
600578	京能电力	-0.19	-0.6003	
600780	通宝能源	-0.2	10.2592	
600128	弘业股份	-0.21	7.0518	
000158	常山北明	-0.21	6.7602	
002297	博云新材	-0.22	24.7425	
300234	开尔新材	-0.22	40.1936	
600620	天宸股份	-0.22	40.8919	
000519	中兵红箭	-0.23	17.6335	
002439	启明星辰	-0.24	68.5733	
300277	海联讯	-0.25	10.2952	
300356	光一科技	-0.26	33.703	
600604	市北高新	-0.27	25.8751	
300495	美尚生态	-0.28	24.691	
000619	海螺型材	-0.28	7.5647	
300229	拓尔思	-0.29	65.3457	
603389	亚振家居	-0.3	54.9251	
600716	凤凰股份	-0.3	33.0229	
300416	苏试试验	-0.31	40.3096	
300345	红宇新材	-0.31	23.2026	
600984	建设机械	-0.31	20.0829	
300359	全通教育	-0.31	24.6737	
300678	中科信息	-0.33	42.5863	
002457	青龙管业	-0.34	32.3413	
300344	太空智造	-0.34	37.8567	
300268	佳沃股份	-0.34	70.2819	
300364	中文在线	-0.34	48.2836	
600495	晋西车轴	-0.35	15.0367	
300074	华平股份	-0.35	49.1237	
002313	日海智能	-0.36	20.2498	
000543	皖能电力	-0.36	1.0281	
300458	全志科技	-0.36	42.4154	
002526	山东矿机	-0.37	13.9436	
300081	恒信东方	-0.37	42.8621	
002337	赛象科技	-0.38	56.6228	
300123	亚光科技	-0.38	16.2401	
002310	东方园林	-0.38	32.1108	
300134	大富科技	-0.38	18.4957	
600313	农发种业	-0.38	3.7406	
002168	深圳惠程	-0.39	27.9185	
600854	春兰股份	-0.39	36.7933	
600520	文一科技	-0.39	20.6724	
300167	迪威迅	-0.39	30.7945	
600880	博瑞传播	-0.39	26.2812	
002212	南洋股份	-0.4	17.0809	
300579	数字认证	-0.4	63.9611	
603189	网达软件	-0.4	35.7283	
000592	平潭发展	-0.4	9.5652	
300491	通合科技	-0.42	39.0905	
600533	栖霞建设	-0.42	11.888	
000713	丰乐种业	-0.42	12.6031	
600561	江西长运	-0.43	10.7617	
600372	中航电子	-0.43	36.7414	
002213	特尔佳	-0.44	40.8088	
000014	沙河股份	-0.45	12.5821	
002278	神开股份	-0.46	30.3835	
300105	龙源技术	-0.47	20.8659	
600538	国发股份	-0.48	11.7325	
000539	粤电力A	-0.49	5.807	
601126	四方股份	-0.5	41.2651	
002702	海欣食品	-0.5	30.7065	
000815	美利云	-0.5	8.5364	
600532	宏达矿业	-0.5	24.9694	
002259	升达林业	-0.52	11.5222	
300542	新晨科技	-0.52	25.7189	
600311	荣华实业	-0.53	-14.1748	
300587	天铁股份	-0.53	58.6505	
300591	万里马	-0.54	29.9851	
300371	汇中股份	-0.54	61.8236	
300609	汇纳科技	-0.55	74.7757	
000780	平庄能源	-0.55	32.2547	
600893	航发动力	-0.56	18.3001	
600316	洪都航空	-0.57	5.7278	
000768	中航飞机	-0.57	5.2978	
600481	双良节能	-0.57	30.6985	
600416	湘电股份	-0.57	12.8819	
002819	东方中科	-0.58	12.1604	
603326	我乐家居	-0.58	31.1838	
000610	西安旅游	-0.58	8.9447	
002816	和科达	-0.58	34.0056	
300169	天晟新材	-0.59	26.0351	
002359	北讯集团	-0.61	18.5776	
300541	先进数通	-0.61	23.0534	
600836	界龙实业	-0.62	15.808	
300004	南风股份	-0.63	18.6643	
300097	智云股份	-0.63	48.2172	
002396	星网锐捷	-0.64	34.7974	
000806	银河生物	-0.64	27.2633	
002485	希努尔	-0.64	18.1746	
600753	东方银星	-0.65	-416.1439	
000798	中水渔业	-0.66	9.0469	
002760	凤形股份	-0.68	13.7253	
300404	博济医药	-0.68	40.9496	
600794	保税科技	-0.68	25.9773	
002333	罗普斯金	-0.69	6.9272	
002528	英飞拓	-0.71	29.2062	
002229	鸿博股份	-0.71	18.0748	
000897	津滨发展	-0.72	25.4968	
002350	北京科锐	-0.72	27.1934	
000611	天首发展	-0.72	5.7899	
600288	大恒科技	-0.74	23.6177	
002077	大港股份	-0.74	22.2983	
600583	海油工程	-0.74	-7.7091	
600853	龙建股份	-0.75	11.2058	
603918	金桥信息	-0.75	27.5662	
002780	三夫户外	-0.75	42.1545	
300027	华谊兄弟	-0.76	39.5398	
300540	深冷股份	-0.76	12.6165	
000652	泰达股份	-0.77	2.438	
300378	鼎捷软件	-0.77	82.3058	
300161	华中数控	-0.78	33.1194	
002755	东方新星	-0.78	25.7785	
300308	中际旭创	-0.79	31.6031	
600159	大龙地产	-0.79	10.4646	
300191	潜能恒信	-0.79	-27.1057	
000005	世纪星源	-0.79	34.0668	
002512	达华智能	-0.8	11.7305	
603990	麦迪科技	-0.8	79.5356	
600158	中体产业	-0.8	19.5258	
601099	太平洋	-0.8	-46.7974	
002181	粤传媒	-0.8	21.2238	
000663	永安林业	-0.82	15.9553	
002453	华软科技	-0.83	15.8625	
002096	南岭民爆	-0.84	17.4239	
002319	乐通股份	-0.85	25.761999999999997	
300427	红相股份	-0.86	42.8173	
300250	初灵信息	-0.87	63.4509	
600130	波导股份	-0.88	7.1126	
002200	云投生态	-0.89	21.9375	
600682	南京新百	-0.9	35.2121	
300499	高澜股份	-0.9	32.4694	
000159	国际实业	-0.9	14.7956	
002731	萃华珠宝	-0.9	8.7282	
600107	美尔雅	-0.9	39.9669	
300198	纳川股份	-0.9	19.5247	
300164	通源石油	-0.92	38.0155	
300142	沃森生物	-0.92	55.836999999999996	
002312	三泰控股	-0.93	17.5727	
600084	中葡股份	-0.93	43.4556	
002227	奥特迅	-0.95	45.4675	
600207	安彩高科	-0.95	7.8746	
600082	海泰发展	-0.96	5.1449	
002161	远望谷	-0.96	45.8354	
000607	华媒控股	-0.96	18.0188	
000019	深深宝A	-0.97	23.0482	
000004	国农科技	-0.98	17.1983	
002115	三维通信	-0.99	20.0702	
601968	宝钢包装	-1.0	10.8481	
600083	博信股份	-1.0	30.9408	
000606	顺利办	-1.01	33.0543	
002857	三晖电气	-1.02	27.4615	
002276	万马股份	-1.03	12.1395	
002432	九安医疗	-1.04	42.501000000000005	
002046	轴研科技	-1.04	16.8415	
600470	六国化工	-1.04	10.4691	
000777	中核科技	-1.05	15.523	
000711	京蓝科技	-1.06	6.3937	
000576	广东甘化	-1.07	-6.6781	
600456	宝钛股份	-1.07	11.9266	
002828	贝肯能源	-1.07	20.8723	
000762	西藏矿业	-1.07	5.8971	
600095	哈高科	-1.08	41.0284	
000892	欢瑞世纪	-1.08	25.5126	
000584	哈工智能	-1.09	12.3002	
000792	盐湖股份	-1.09	3.9176	
300056	三维丝	-1.09	26.096999999999998	
300140	中环装备	-1.1	23.8342	
000586	汇源通信	-1.11	16.5755	
300557	理工光科	-1.12	31.8307	
300659	中孚信息	-1.12	75.0526	
601058	赛轮金宇	-1.13	11.3566	
300155	安居宝	-1.13	34.2363	
603843	正平股份	-1.15	8.6081	
000923	河北宣工	-1.15	22.8294	
000809	铁岭新城	-1.15	-44.0273	
000010	美丽生态	-1.16	22.3979	
300368	汇金股份	-1.16	43.20399999999999	
600227	圣济堂	-1.17	43.9935	
600358	国旅联合	-1.17	79.8067	
002647	民盛金科	-1.18	21.8749	
002377	国创高新	-1.18	7.8728	
000608	阳光股份	-1.19	36.6144	
000702	正虹科技	-1.21	10.0384	
002571	德力股份	-1.21	19.3578	
000702	正虹科技	-1.21	10.0384	
002671	龙泉股份	-1.22	22.081999999999997	
002369	卓翼科技	-1.24	5.946000000000001	
600573	惠泉啤酒	-1.24	23.7845	
300354	东华测试	-1.25	60.0448	
000615	京汉股份	-1.26	18.9114	
600100	同方股份	-1.26	15.2535	
002694	顾地科技	-1.27	17.8845	
002665	首航节能	-1.27	29.5121	
002431	棕榈股份	-1.27	9.8935	
002162	悦心健康	-1.29	32.315	
000721	西安饮食	-1.29	33.5939	
002205	国统股份	-1.3	12.9529	
600396	金山股份	-1.31	6.2516	
603737	三棵树	-1.33	39.9725	
300313	天山生物	-1.33	24.974	
002314	南山控股	-1.34	20.593000000000004	
600071	凤凰光学	-1.35	12.5457	
600241	时代万恒	-1.36	24.9059	
002134	天津普林	-1.36	4.9598	
600249	两面针	-1.37	22.0761	
300645	正元智慧	-1.38	40.7846	
600449	宁夏建材	-1.39	14.1489	
002231	奥维通信	-1.39	6.3304	
300434	金石东方	-1.4	27.4906	
300465	高伟达	-1.4	27.5944	
300150	世纪瑞尔	-1.4	27.9989	
300525	博思软件	-1.41	59.5623	
603177	德创环保	-1.41	20.5765	
000037	深南电A	-1.42	2.7925	
000925	众合科技	-1.42	25.4737	
300520	科大国创	-1.42	37.5638	
603859	能科股份	-1.42	27.9102	
300477	合纵科技	-1.43	28.5995	
600069	银鸽投资	-1.44	8.2187	
300370	安控科技	-1.45	21.3633	
300330	华虹计通	-1.47	15.2523	
000622	恒立实业	-1.47	16.0332	
600657	信达地产	-1.5	13.1539	
600686	金龙汽车	-1.51	10.2536	
300249	依米康	-1.52	27.4488	
002575	群兴玩具	-1.54	4.9663	
600355	精伦电子	-1.55	29.7151	
601808	中海油服	-1.57	-5.0068	
002184	海得控制	-1.59	16.8986	
002693	双成药业	-1.59	59.5286	
002420	毅昌股份	-1.61	4.6713	
603322	超讯通信	-1.63	12.3129	
600863	内蒙华电	-1.63	1.1709	
002569	步森股份	-1.64	40.8735	
002005	德豪润达	-1.64	16.496	
600651	飞乐音响	-1.64	27.7893	
600855	航天长峰	-1.65	23.6629	
603636	南威软件	-1.66	18.1821	
603636	南威软件	-1.66	18.1821	
601226	华电重工	-1.67	7.335	
000534	万泽股份	-1.67	39.6089	
603000	人民网	-1.67	26.5515	
300402	宝色股份	-1.69	11.6759	
300523	辰安科技	-1.69	62.8338	
300312	邦讯技术	-1.7	40.7167	
000736	中交地产	-1.7	11.8154	
000668	荣丰控股	-1.73	43.1526	
000561	烽火电子	-1.73	42.6492	
600881	亚泰集团	-1.75	26.4343	
603886	元祖股份	-1.76	60.6105	
000546	金圆股份	-1.78	9.7369	
000868	安凯客车	-1.79	6.8822	
600545	卓郎智能	-1.79	24.2742	
002021	中捷资源	-1.79	15.2623	
002524	光正集团	-1.79	15.7463	
600446	金证股份	-1.8	20.3727	
300106	西部牧业	-1.81	14.9459	
002591	恒大高新	-1.82	33.3908	
000638	万方发展	-1.82	37.2176	
300264	佳创视讯	-1.83	24.7401	
300076	GQY视讯	-1.83	22.1933	
603169	兰石重装	-1.88	8.7419	
300431	暴风集团	-1.9	8.5475	
000043	中航善达	-1.91	22.3188	
001896	豫能控股	-1.92	-2.8034	
002480	新筑股份	-1.92	36.6199	
300380	安硕信息	-1.99	36.6196	
300444	双杰电气	-2.0	21.8618	
000931	中关村	-2.02	52.3748	
300111	向日葵	-2.02	8.9584	
002488	金固股份	-2.05	14.2735	
002178	延华智能	-2.1	3.1934	
600151	航天机电	-2.1	12.5656	
002015	霞客环保	-2.13	2.3105	
002423	中原特钢	-2.14	1.358	
300616	尚品宅配	-2.14	44.2229	
002629	仁智股份	-2.17	0.6597	
600156	华升股份	-2.22	0.2987	
000760	斯太尔	-2.25	3.5742	
600455	博通股份	-2.27	47.9613	
000428	华天酒店	-2.27	59.0376	
000877	天山股份	-2.28	17.4723	
603227	雪峰科技	-2.28	8.0037	
000659	珠海中富	-2.29	21.756999999999998	
600760	中航沈飞	-2.36	10.227	
300449	汉邦高科	-2.36	17.4296	
000727	华东科技	-2.37	-16.7271	
002058	威尔泰	-2.4	31.7178	
600152	维科技术	-2.4	13.5831	
600485	信威集团	-2.4	64.62	
000068	华控赛格	-2.41	33.0711	
600593	大连圣亚	-2.42	31.9842	
300448	浩云科技	-2.43	31.6713	
600281	太化股份	-2.46	4.3394	
600866	星湖科技	-2.48	20.1627	
300675	建科院	-2.51	19.744	
002268	卫士通	-2.51	28.9949	
600720	祁连山	-2.53	8.2247	
002316	亚联发展	-2.54	10.5498	
600239	云南城投	-2.54	31.5986	
600478	科力远	-2.56	8.9882	
002112	三变科技	-2.59	11.5825	
000506	中润资源	-2.6	23.5199	
600601	方正科技	-2.62	13.8394	
002689	远大智能	-2.68	29.8279	
000767	漳泽电力	-2.75	-0.6586	
600683	京投发展	-2.81	30.0948	
000503	国新健康	-2.81	21.2871	
002163	中航三鑫	-2.81	13.7666	
000791	甘肃电投	-2.82	-1.0258	
002486	嘉麟杰	-2.85	14.5836	
300369	绿盟科技	-2.89	77.6738	
002679	福建金森	-2.96	-44.0725	
600588	用友网络	-3.01	61.3787	
002072	凯瑞德	-3.01	28.7672	
300392	腾信股份	-3.04	3.3439	
300551	古鳌科技	-3.09	43.0304	
002490	山东墨龙	-3.1	-10.9534	
002506	协鑫集成	-3.11	12.9101	
002302	西部建设	-3.15	2.6285	
000537	广宇发展	-3.15	-1.4707	
600385	山东金泰	-3.16	88.6488	
600310	桂东电力	-3.18	4.0733	
002830	名雕股份	-3.18	13.7496	
600890	中房股份	-3.2	-227.9933	
603099	长白山	-3.21	-60.6838	
002476	宝莫股份	-3.22	3.7237	
600405	动力源	-3.22	27.8944	
000948	南天信息	-3.26	27.3626	
300028	*金亚	-3.27	-139.0231	
600555	海航创新	-3.27	-17.5805	
002044	美年健康	-3.29	27.2255	
002583	海能达	-3.39	47.8899	
600139	西部资源	-3.42	36.7622	
600860	京城股份	-3.44	6.5644	
002339	积成电子	-3.45	48.0742	
300096	易联众	-3.57	56.5684	
600653	申华控股	-3.58	0.1777	
000710	贝瑞基因	-3.62	6.0848	
000962	东方钽业	-3.66	-0.6939	
002159	三特索道	-3.71	41.0348	
600707	彩虹股份	-3.76	-11.7623	
000401	冀东水泥	-3.81	21.3808	
300672	国科微	-3.92	47.3117	
002289	宇顺电子	-3.96	2.5619	
600425	青松建化	-4.0	-40.385999999999996	
002387	维信诺	-4.14	28.5666	
300407	凯发电气	-4.18	16.5346	
600569	安阳钢铁	-4.32	6.3112	
000633	合金投资	-4.33	13.966	
002248	华东数控	-4.43	-22.3743	
600536	中国软件	-4.49	31.9648	
600744	华银电力	-4.58	-0.496	
002309	中利集团	-4.62	11.7027	
300469	信息发展	-4.79	44.9374	
300663	科蓝软件	-4.98	39.4024	
600469	风神股份	-5.09	7.4842	
600097	开创国际	-5.29	13.5416	
000695	滨海能源	-5.33	-1.0316	
600671	天目药业	-5.53	40.7475	
600189	吉林森工	-5.57	16.461	
002713	东易日盛	-5.9	31.9278	
300556	丝路视觉	-6.0	10.245	
000779	三毛派神	-6.24	7.2196	
600802	福建水泥	-6.27	7.2988	
600821	津劝业	-6.46	22.0544	
000852	石化机械	-6.69	6.6183	
600268	国电南自	-7.45	15.1526	
002234	民和股份	-7.94	-11.165999999999999	
601519	大智慧	-8.83	50.9381	
300029	天龙光电	-10.03	22.7246	
300608	思特奇	-10.43	-2.6707	
000502	绿景控股	-11.12	6.25	
000918	嘉凯城	-13.33	7.6703	
000509	华塑控股	-14.13	2.5083	
600768	宁波富邦	-14.95	2.6567	
600800	天津磁卡	-16.06	19.2956	
600250	南纺股份	-17.18	5.0716	
000927	一汽夏利	-18.55	-43.8172	
600186	莲花健康	-42.24	9.0304	
000410	沈阳机床	-68.23	25.0759	
002180	纳思达	-94.83	7.4018	
600609	金杯汽车	-204.04	15.6302	
600793	宜宾纸业	-1255.03	0.7717	
000504	南华生物	-1304.82	21.373	
